Series de tiempo producidas por mm1.m 
3
time
longitud de la cola
ocupacion del servidor (OCUPADO=1,LIBRE=0)
           0.000 0 0
           2.657 0 1
           2.776 1 1
           2.960 0 1
           4.297 0 0
           4.300 0 1
           4.312 1 1
           5.209 0 1
           5.224 1 1
           5.297 0 1
           5.607 0 0
           5.653 0 1
           5.904 1 1
           6.978 0 1
           7.353 0 0
           7.818 0 1
           8.000 1 1
           8.111 2 1
           8.259 1 1
           9.479 0 1
           9.515 0 0
          10.549 0 1
          10.563 0 0
          12.161 0 1
          12.201 1 1
          12.413 2 1
          12.439 1 1
          12.632 0 1
          13.054 0 0
          13.606 0 1
          13.783 0 0
          13.830 0 1
          14.141 1 1
          14.550 0 1
          14.578 0 0
          14.914 0 1
          15.187 0 0
          17.069 0 1
          17.509 0 0
          21.015 0 1
          21.346 0 0
          24.341 0 1
          24.740 1 1
          24.913 0 1
          25.305 0 0
          25.781 0 1
          26.089 0 0
          27.904 0 1
          28.015 1 1
          28.696 0 1
          29.025 1 1
          29.759 2 1
          29.851 3 1
          30.948 2 1
          31.128 1 1
          31.250 0 1
          31.359 1 1
          31.702 2 1
          32.347 1 1
          32.931 0 1
          33.048 1 1
          33.299 0 1
          33.941 1 1
          34.054 0 1
          34.573 1 1
          35.738 0 1
          35.867 0 0
          37.700 0 1
          38.505 1 1
          38.768 0 1
          38.869 0 0
          39.296 0 1
          39.573 0 0
          39.580 0 1
          39.810 0 0
          40.919 0 1
          40.975 0 0
          41.606 0 1
          41.809 0 0
          43.024 0 1
          43.178 1 1
          43.247 2 1
          43.342 1 1
          43.588 0 1
          43.831 0 0
          46.189 0 1
          46.355 0 0
          46.411 0 1
          46.556 0 0
          48.328 0 1
          48.848 1 1
          48.866 0 1
          49.114 0 0
          50.763 0 1
          50.933 1 1
          51.449 0 1
          51.669 0 0
          52.124 0 1
          52.433 0 0
          53.801 0 1
          53.864 1 1
          54.155 2 1
          54.313 1 1
          54.347 0 1
          54.525 0 0
          54.531 0 1
          54.995 0 0
          55.926 0 1
          56.406 1 1
          56.899 0 1
          57.128 1 1
          58.114 0 1
          58.550 1 1
          59.149 2 1
          59.237 1 1
          59.724 2 1
          59.766 3 1
          60.694 2 1
          61.739 3 1
          62.137 2 1
          62.730 1 1
          62.803 2 1
          63.127 1 1
          63.219 0 1
          63.448 0 0
          64.114 0 1
          64.884 0 0
          68.086 0 1
          68.744 0 0
          68.861 0 1
          69.055 0 0
          69.508 0 1
          69.780 0 0
          70.676 0 1
          71.704 0 0
          72.755 0 1
          72.784 0 0
          72.802 0 1
          73.086 1 1
          73.171 0 1
          73.321 1 1
          74.214 2 1
          75.164 3 1
          75.286 2 1
          75.635 3 1
          75.955 2 1
          76.054 3 1
          76.503 2 1
          76.900 1 1
          77.191 2 1
          77.291 1 1
          77.548 0 1
          78.101 1 1
          78.727 0 1
          79.097 1 1
          79.494 2 1
          79.814 1 1
          80.170 2 1
          80.447 1 1
          80.791 2 1
          81.033 3 1
          81.056 4 1
          81.252 3 1
          81.479 4 1
          81.594 5 1
          81.834 6 1
          82.092 7 1
          82.101 8 1
          82.365 7 1
          82.572 8 1
          82.619 7 1
          82.624 6 1
          82.650 5 1
          82.726 6 1
          82.961 7 1
          83.189 6 1
          83.469 7 1
          83.719 6 1
          83.754 5 1
          83.917 4 1
          84.161 3 1
          84.197 2 1
          85.116 3 1
          85.490 4 1
          85.613 5 1
          85.656 4 1
          85.662 5 1
          85.718 4 1
          85.877 3 1
          87.005 4 1
          87.340 3 1
          87.430 2 1
          87.742 1 1
          88.703 0 1
          88.773 0 0
          88.803 0 1
          88.908 1 1
          89.266 2 1
          89.683 1 1
          89.700 0 1
          89.773 0 0
          89.777 0 1
          89.850 1 1
          90.196 0 1
          90.660 1 1
          91.817 2 1
          91.835 3 1
          92.042 4 1
          92.676 5 1
          93.993 6 1
          94.092 5 1
          94.596 6 1
          94.668 5 1
          94.800 4 1
          95.728 3 1
          96.292 2 1
          96.586 1 1
          96.866 2 1
          97.431 1 1
          97.928 2 1
          98.021 1 1
          98.199 0 1
          98.389 0 0
         100.042 0 1
         100.114 1 1
         100.273 0 1
         100.578 0 0
         101.598 0 1
         101.889 0 0
         103.282 0 1
         103.802 1 1
         104.576 2 1
         104.723 3 1
         105.428 4 1
         105.436 3 1
         105.508 2 1
         105.581 1 1
         106.263 0 1
         106.425 0 0
         107.900 0 1
         107.915 0 0
         109.891 0 1
         109.981 0 0
         110.618 0 1
         111.441 1 1
         111.994 0 1
         112.007 0 0
         112.266 0 1
         112.431 0 0
         113.906 0 1
         114.514 0 0
         115.894 0 1
         115.970 0 0
         119.512 0 1
         120.492 1 1
         120.499 0 1
         120.573 0 0
         120.983 0 1
         121.398 0 0
         128.402 0 1
         128.570 0 0
         129.651 0 1
         129.873 0 0
         132.267 0 1
         132.865 1 1
         133.206 2 1
         133.450 1 1
         133.515 0 1
         133.706 0 0
         135.664 0 1
         135.830 0 0
         135.840 0 1
         136.009 0 0
         136.394 0 1
         136.504 1 1
         136.607 0 1
         136.767 1 1
         137.591 0 1
         138.493 0 0
         138.927 0 1
         139.570 0 0
         139.835 0 1
         139.940 0 0
         140.246 0 1
         140.249 1 1
         140.342 0 1
         141.214 1 1
         141.433 0 1
         142.171 1 1
         142.246 2 1
         142.792 3 1
         143.471 2 1
         143.834 1 1
         144.008 2 1
         144.301 1 1
         144.851 0 1
         145.640 1 1
         145.911 2 1
         145.929 1 1
         146.347 0 1
         146.363 0 0
         148.495 0 1
         150.376 0 0
         153.191 0 1
         154.183 1 1
         154.839 0 1
         154.876 1 1
         154.944 2 1
         155.204 1 1
         155.274 0 1
         155.424 1 1
         155.522 2 1
         155.601 3 1
         156.528 4 1
         156.831 3 1
         156.847 4 1
         157.002 5 1
         157.027 6 1
         157.247 5 1
         157.668 4 1
         157.761 5 1
         158.390 4 1
         158.409 3 1
         158.457 2 1
         158.560 1 1
         158.636 0 1
         159.706 0 0
         159.718 0 1
         159.982 1 1
         160.234 0 1
         160.517 0 0
         160.799 0 1
         161.251 0 0
         161.626 0 1
         162.327 0 0
         162.613 0 1
         163.312 0 0
         163.635 0 1
         163.865 1 1
         164.389 0 1
         164.495 1 1
         164.718 0 1
         164.721 1 1
         164.953 0 1
         165.005 0 0
         169.876 0 1
         170.856 1 1
         171.411 2 1
         171.706 1 1
         172.334 0 1
         172.815 0 0
         172.985 0 1
         173.139 1 1
         173.216 2 1
         173.882 3 1
         174.481 2 1
         174.763 1 1
         174.833 0 1
         175.562 1 1
         176.140 2 1
         176.566 1 1
         178.396 2 1
         178.750 1 1
         178.869 0 1
         179.194 0 0
         180.060 0 1
         181.058 0 0
         183.339 0 1
         183.405 0 0
         183.745 0 1
         183.994 1 1
         184.166 0 1
         184.299 0 0
         184.825 0 1
         185.480 1 1
         185.680 0 1
         185.971 0 0
         187.049 0 1
         187.080 0 0
         188.516 0 1
         188.895 0 0
         189.080 0 1
         189.271 0 0
         189.283 0 1
         189.597 0 0
         190.992 0 1
         191.036 1 1
         191.804 2 1
         191.890 1 1
         191.995 0 1
         192.493 0 0
         193.911 0 1
         194.056 0 0
         195.906 0 1
         197.779 0 0
         199.590 0 1
         199.892 0 0
         199.941 0 1
         200.827 0 0
         201.988 0 1
         202.110 0 0
         202.837 0 1
         202.952 0 0
         203.026 0 1
         203.983 1 1
         204.417 2 1
         204.954 1 1
         205.386 0 1
         206.331 0 0
         206.501 0 1
         206.833 0 0
         207.973 0 1
         208.531 1 1
         209.501 2 1
         210.286 3 1
         210.427 2 1
         210.640 1 1
         211.787 0 1
         212.304 1 1
         212.720 0 1
         212.901 0 0
         213.636 0 1
         214.298 0 0
         214.332 0 1
         214.339 0 0
         214.715 0 1
         214.893 0 0
         218.366 0 1
         218.611 1 1
         219.178 0 1
         219.327 0 0
         219.953 0 1
         220.146 0 0
         224.251 0 1
         224.365 0 0
         224.572 0 1
         224.877 0 0
         224.932 0 1
         225.642 0 0
         225.935 0 1
         226.117 0 0
         226.219 0 1
         226.411 0 0
         227.369 0 1
         227.622 1 1
         227.930 0 1
         228.078 0 0
         230.730 0 1
         230.932 1 1
         231.146 0 1
         231.166 1 1
         231.264 0 1
         232.349 1 1
         232.467 0 1
         232.929 0 0
         235.055 0 1
         235.083 0 0
         236.636 0 1
         236.914 0 0
         237.530 0 1
         238.021 1 1
         238.874 0 1
         239.352 0 0
         240.692 0 1
         240.816 1 1
         240.856 2 1
         241.223 3 1
         241.799 2 1
         241.827 1 1
         242.135 0 1
         242.191 0 0
         242.909 0 1
         243.803 0 0
         243.959 0 1
         244.403 1 1
         244.445 2 1
         244.785 3 1
         245.419 2 1
         245.769 1 1
         245.778 0 1
         246.496 0 0
         246.553 0 1
         246.685 1 1
         246.868 0 1
         247.518 0 0
         247.660 0 1
         247.989 0 0
         248.427 0 1
         248.472 0 0
         250.633 0 1
         250.691 1 1
         251.087 2 1
         251.193 1 1
         251.511 0 1
         251.580 0 0
         252.729 0 1
         252.773 0 0
         255.703 0 1
         255.763 0 0
         258.671 0 1
         258.823 0 0
         259.003 0 1
         260.304 0 0
         260.743 0 1
         261.005 1 1
         261.015 0 1
         261.276 1 1
         261.406 2 1
         261.872 3 1
         261.888 2 1
         262.184 1 1
         263.211 2 1
         263.459 3 1
         263.529 4 1
         263.561 3 1
         263.642 2 1
         263.888 1 1
         263.988 0 1
         265.053 1 1
         265.136 0 1
         265.665 0 0
         268.478 0 1
         268.740 0 0
         270.019 0 1
         270.040 0 0
         270.280 0 1
         270.420 0 0
         271.921 0 1
         271.926 1 1
         272.480 0 1
         273.750 0 0
         274.392 0 1
         274.836 0 0
         275.116 0 1
         275.229 1 1
         275.763 2 1
         275.795 1 1
         277.085 2 1
         277.570 3 1
         277.869 2 1
         278.667 1 1
         278.918 0 1
         279.039 0 0
         279.951 0 1
         280.026 0 0
         286.059 0 1
         287.359 0 0
         287.422 0 1
         287.716 0 0
         287.800 0 1
         288.053 0 0
         288.086 0 1
         288.172 0 0
         290.338 0 1
         290.878 1 1
         291.019 2 1
         291.167 1 1
         291.328 0 1
         291.366 1 1
         291.433 2 1
         291.893 1 1
         291.928 0 1
         292.005 1 1
         292.010 2 1
         292.431 1 1
         292.432 0 1
         292.817 0 0
         293.314 0 1
         293.470 0 0
         293.941 0 1
         294.303 0 0
         294.360 0 1
         294.377 0 0
         294.823 0 1
         295.122 1 1
         295.339 0 1
         295.953 1 1
         296.549 0 1
         296.876 1 1
         297.005 0 1
         297.487 0 0
         297.901 0 1
         297.972 1 1
         298.322 0 1
         298.934 0 0
         299.021 0 1
         299.910 0 0
         300.518 0 1
         300.760 0 0
         302.591 0 1
         302.636 0 0
         303.421 0 1
         303.797 0 0
         304.453 0 1
         304.761 0 0
         306.256 0 1
         306.540 0 0
         308.568 0 1
         308.888 0 0
         309.506 0 1
         309.778 0 0
         310.314 0 1
         310.456 0 0
         313.573 0 1
         313.800 0 0
         315.649 0 1
         316.328 1 1
         317.724 0 1
         318.030 1 1
         318.148 0 1
         318.240 0 0
         318.267 0 1
         318.635 0 0
         320.015 0 1
         320.657 0 0
         321.080 0 1
         322.140 0 0
         322.714 0 1
         323.007 1 1
         323.010 0 1
         324.197 0 0
         324.653 0 1
         324.877 0 0
         325.147 0 1
         325.350 1 1
         325.376 2 1
         325.507 1 1
         325.834 0 1
         326.094 0 0
         326.610 0 1
         326.855 0 0
         327.239 0 1
         327.262 0 0
         327.798 0 1
         328.469 0 0
         329.215 0 1
         330.046 0 0
         330.822 0 1
         330.953 1 1
         331.459 2 1
         331.723 1 1
         332.014 0 1
         332.476 0 0
         333.035 0 1
         333.170 1 1
         333.504 2 1
         333.628 1 1
         333.947 2 1
         334.330 1 1
         334.596 0 1
         335.059 0 0
         335.366 0 1
         335.556 0 0
         337.021 0 1
         337.061 0 0
         337.116 0 1
         337.189 0 0
         341.770 0 1
         341.907 0 0
         343.256 0 1
         343.411 0 0
         343.452 0 1
         343.518 0 0
         343.642 0 1
         344.163 0 0
         346.949 0 1
         347.335 1 1
         347.947 0 1
         348.094 0 0
         348.678 0 1
         348.811 0 0
         348.888 0 1
         349.306 1 1
         349.983 0 1
         351.481 0 0
         351.625 0 1
         352.075 0 0
         352.480 0 1
         352.698 1 1
         352.849 0 1
         353.084 1 1
         353.362 0 1
         353.371 0 0
         354.137 0 1
         354.182 1 1
         354.639 0 1
         355.120 0 0
         359.821 0 1
         360.490 1 1
         360.579 0 1
         360.686 1 1
         360.741 0 1
         360.817 0 0
         361.690 0 1
         362.065 1 1
         362.306 2 1
         362.425 1 1
         362.611 2 1
         363.279 1 1
         363.518 0 1
         363.735 0 0
         364.746 0 1
         365.229 0 0
         366.788 0 1
         367.473 0 0
         368.421 0 1
         368.441 0 0
         369.603 0 1
         370.029 0 0
         372.551 0 1
         372.779 0 0
         373.287 0 1
         373.471 1 1
         373.824 2 1
         373.866 1 1
         373.900 2 1
         374.059 1 1
         374.116 2 1
         374.139 1 1
         374.539 0 1
         375.152 1 1
         375.225 0 1
         375.325 1 1
         375.561 2 1
         375.590 1 1
         375.688 0 1
         375.712 0 0
         376.405 0 1
         376.770 0 0
         379.774 0 1
         380.568 0 0
         381.250 0 1
         381.487 0 0
         382.221 0 1
         383.317 1 1
         383.938 2 1
         384.114 1 1
         384.157 0 1
         384.895 1 1
         385.276 0 1
         385.390 1 1
         385.437 0 1
         385.901 0 0
         387.312 0 1
         387.388 1 1
         387.632 2 1
         387.864 1 1
         388.572 0 1
         390.443 1 1
         390.641 0 1
         390.872 0 0
         392.403 0 1
         394.495 0 0
         394.663 0 1
         394.931 0 0
         395.685 0 1
         395.691 0 0
         396.035 0 1
         396.273 0 0
         401.447 0 1
         401.957 1 1
         402.165 2 1
         402.292 1 1
         402.891 0 1
         403.268 0 0
         405.678 0 1
         405.799 0 0
         406.657 0 1
         407.143 0 0
         407.526 0 1
         408.028 0 0
         408.057 0 1
         408.793 0 0
         409.496 0 1
         409.596 1 1
         409.766 2 1
         409.864 1 1
         409.890 2 1
         409.951 1 1
         409.982 0 1
         410.462 1 1
         410.927 0 1
         411.725 0 0
         412.406 0 1
         412.480 1 1
         413.596 0 1
         414.229 1 1
         414.348 0 1
         414.385 0 0
         415.464 0 1
         415.541 0 0
         417.599 0 1
         417.763 0 0
         418.042 0 1
         418.129 0 0
         418.710 0 1
         418.737 0 0
         419.617 0 1
         419.716 0 0
         421.044 0 1
         421.449 0 0
         421.835 0 1
         421.881 0 0
         422.736 0 1
         422.836 1 1
         423.511 2 1
         424.862 3 1
         424.998 4 1
         425.288 3 1
         426.663 4 1
         426.819 5 1
         427.249 4 1
         427.507 3 1
         427.582 4 1
         427.787 3 1
         428.376 2 1
         428.441 3 1
         428.492 4 1
         428.493 3 1
         428.749 2 1
         430.589 1 1
         430.625 2 1
         430.938 1 1
         431.251 0 1
         431.373 0 0
         431.753 0 1
         432.334 0 0
         433.722 0 1
         434.966 0 0
         435.506 0 1
         435.648 1 1
         436.024 2 1
         436.095 1 1
         436.188 2 1
         436.430 1 1
         436.494 0 1
         436.651 0 0
         438.712 0 1
         438.781 0 0
         439.037 0 1
         440.035 0 0
         440.743 0 1
         440.886 1 1
         440.897 2 1
         441.276 1 1
         441.432 0 1
         441.823 0 0
         442.501 0 1
         443.115 1 1
         443.705 0 1
         443.860 1 1
         444.313 2 1
         444.544 1 1
         444.616 0 1
         444.635 0 0
         445.909 0 1
         445.948 1 1
         446.250 2 1
         446.686 1 1
         446.918 0 1
         447.719 0 0
         449.165 0 1
         450.166 0 0
         454.920 0 1
         454.997 0 0
         457.344 0 1
         457.460 1 1
         457.787 2 1
         459.156 3 1
         459.392 2 1
         459.503 1 1
         460.200 2 1
         460.531 1 1
         460.536 0 1
         460.879 0 0
         462.868 0 1
         463.154 0 0
         463.275 0 1
         464.565 0 0
         464.604 0 1
         464.657 0 0
         464.672 0 1
         464.673 1 1
         464.956 0 1
         465.070 0 0
         470.744 0 1
         470.862 0 0
         470.897 0 1
         471.155 1 1
         471.360 0 1
         471.787 0 0
         472.231 0 1
         472.481 0 0
         475.093 0 1
         475.150 0 0
         477.205 0 1
         478.486 0 0
         478.490 0 1
         478.903 0 0
         479.594 0 1
         479.775 0 0
         479.779 0 1
         479.913 0 0
         480.629 0 1
         480.778 0 0
         481.252 0 1
         481.407 1 1
         481.586 0 1
         482.452 0 0
         482.685 0 1
         482.704 0 0
         483.099 0 1
         483.493 0 0
         484.745 0 1
         485.025 1 1
         485.086 2 1
         485.545 3 1
         486.128 4 1
         486.620 3 1
         486.805 4 1
         486.942 3 1
         487.066 2 1
         488.023 1 1
         488.206 0 1
         488.383 1 1
         488.584 0 1
         488.755 1 1
         489.780 2 1
         490.749 1 1
         490.783 2 1
         491.187 3 1
         491.782 2 1
         492.067 1 1
         492.322 0 1
         492.553 0 0
         492.789 0 1
         492.917 0 0
         494.595 0 1
         495.947 0 0
         496.255 0 1
         497.267 0 0
         498.231 0 1
         498.538 1 1
         498.970 2 1
         499.172 3 1
         499.620 2 1
         499.736 1 1
         499.864 2 1
         502.245 1 1
         502.313 0 1
         502.653 0 0
         505.786 0 1
         505.921 0 0
         507.323 0 1
         507.717 0 0
         509.481 0 1
         509.521 1 1
         509.655 2 1
         509.871 1 1
         510.551 0 1
         510.640 0 0
         511.692 0 1
         511.752 0 0
         512.257 0 1
         512.384 0 0
         513.981 0 1
         514.401 0 0
         514.414 0 1
         515.113 0 0
         515.493 0 1
         515.663 0 0
         515.696 0 1
         515.711 1 1
         515.852 2 1
         515.898 1 1
         516.385 2 1
         516.943 3 1
         517.497 2 1
         517.615 1 1
         518.560 2 1
         518.595 3 1
         518.711 2 1
         518.720 1 1
         518.961 0 1
         519.033 0 0
         519.099 0 1
         519.335 0 0
         520.283 0 1
         520.381 0 0
         522.054 0 1
         522.676 1 1
         522.931 2 1
         523.530 3 1
         524.339 2 1
         524.608 3 1
         525.402 4 1
         525.540 3 1
         525.593 2 1
         527.176 1 1
         527.473 2 1
         528.318 1 1
         528.726 0 1
         529.559 0 0
         530.113 0 1
         530.421 0 0
         530.747 0 1
         530.977 0 0
         531.541 0 1
         531.693 1 1
         531.845 0 1
         532.290 1 1
         532.500 0 1
         533.167 0 0
         533.714 0 1
         534.610 1 1
         534.701 0 1
         534.884 0 0
         534.917 0 1
         535.462 0 0
         535.737 0 1
         536.081 0 0
         539.646 0 1
         539.728 0 0
         539.902 0 1
         540.334 0 0
         541.038 0 1
         541.132 0 0
         542.743 0 1
         543.720 1 1
         544.543 0 1
         545.191 1 1
         545.595 0 1
         545.752 1 1
         545.948 2 1
         546.852 1 1
         547.747 0 1
         548.353 1 1
         548.571 0 1
         549.007 0 0
         551.039 0 1
         551.316 0 0
         553.510 0 1
         553.993 1 1
         554.161 2 1
         554.243 1 1
         554.712 0 1
         554.741 1 1
         554.862 2 1
         554.952 3 1
         555.618 4 1
         555.861 3 1
         556.226 2 1
         556.357 1 1
         556.406 2 1
         557.737 1 1
         558.409 0 1
         558.505 0 0
         558.826 0 1
         559.542 0 0
         560.370 0 1
         560.424 0 0
         560.745 0 1
         560.937 0 0
         561.442 0 1
         561.690 0 0
         562.472 0 1
         562.499 0 0
         562.949 0 1
         563.118 0 0
         563.362 0 1
         563.928 0 0
         563.965 0 1
         564.623 1 1
         565.364 2 1
         565.700 1 1
         566.183 0 1
         566.261 1 1
         566.984 0 1
         567.208 0 0
         568.785 0 1
         568.999 0 0
         569.687 0 1
         570.451 0 0
         572.577 0 1
         572.815 0 0
         573.114 0 1
         573.229 0 0
         574.064 0 1
         574.443 0 0
         575.362 0 1
         575.479 1 1
         575.546 0 1
         575.621 0 0
         576.958 0 1
         576.998 0 0
         580.093 0 1
         580.182 1 1
         580.727 2 1
         581.133 1 1
         581.140 0 1
         581.140 0 0
         582.495 0 1
         582.603 1 1
         582.638 0 1
         582.869 0 0
         583.880 0 1
         584.026 0 0
         584.655 0 1
         584.722 1 1
         584.833 0 1
         585.181 0 0
         586.061 0 1
         586.916 0 0
         588.883 0 1
         589.130 0 0
         589.364 0 1
         589.983 1 1
         590.970 0 1
         590.977 0 0
         591.239 0 1
         591.547 1 1
         592.332 0 1
         592.373 0 0
         593.469 0 1
         593.871 1 1
         593.940 0 1
         594.962 0 0
         595.181 0 1
         595.420 0 0
         597.594 0 1
         597.694 0 0
         600.930 0 1
         601.373 1 1
         601.492 2 1
         601.845 1 1
         601.900 0 1
         601.998 1 1
         602.268 0 1
         602.576 0 0
         603.484 0 1
         603.749 0 0
         606.105 0 1
         606.408 1 1
         606.409 0 1
         607.503 1 1
         607.817 0 1
         607.853 0 0
         607.863 0 1
         608.420 0 0
         608.677 0 1
         608.871 0 0
         608.957 0 1
         609.871 1 1
         610.090 0 1
         610.216 0 0
         610.466 0 1
         610.662 1 1
         610.894 2 1
         611.260 1 1
         612.136 2 1
         612.187 1 1
         612.355 2 1
         613.093 1 1
         613.286 0 1
         613.823 1 1
         613.857 0 1
         613.994 0 0
         614.808 0 1
         614.961 0 0
         615.187 0 1
         615.353 0 0
         615.655 0 1
         616.327 1 1
         616.788 2 1
         616.836 1 1
         617.654 0 1
         617.867 0 0
         618.587 0 1
         618.775 0 0
         620.493 0 1
         620.512 0 0
         621.113 0 1
         621.380 0 0
         622.142 0 1
         622.473 0 0
         622.560 0 1
         622.881 0 0
         623.896 0 1
         623.947 0 0
         624.806 0 1
         625.545 1 1
         626.595 2 1
         626.901 1 1
         627.266 2 1
         627.500 1 1
         627.948 0 1
         628.146 0 0
         628.535 0 1
         628.811 0 0
         629.069 0 1
         629.163 1 1
         630.228 0 1
         630.415 0 0
         631.650 0 1
         631.868 1 1
         631.932 2 1
         632.122 3 1
         632.543 2 1
         632.838 3 1
         633.397 2 1
         633.932 1 1
         634.177 0 1
         634.278 0 0
         634.657 0 1
         634.816 0 0
         634.965 0 1
         635.004 0 0
         635.544 0 1
         635.672 1 1
         636.856 0 1
         637.059 1 1
         637.125 0 1
         638.953 0 0
         639.438 0 1
         639.455 0 0
         641.748 0 1
         641.821 1 1
         642.656 0 1
         642.782 0 0
         642.831 0 1
         643.561 0 0
         643.769 0 1
         644.079 0 0
         645.976 0 1
         646.031 0 0
         647.683 0 1
         647.851 0 0
         648.010 0 1
         648.217 0 0
         649.774 0 1
         649.950 1 1
         650.343 2 1
         650.743 1 1
         650.792 0 1
         650.947 0 0
         653.517 0 1
         653.575 1 1
         654.098 0 1
         654.717 0 0
         654.887 0 1
         655.532 0 0
         656.822 0 1
         657.097 1 1
         657.540 2 1
         657.842 1 1
         658.188 2 1
         658.299 1 1
         658.667 0 1
         659.111 0 0
         660.695 0 1
         660.974 1 1
         661.107 0 1
         661.418 1 1
         661.597 0 1
         662.358 0 0
         663.746 0 1
         665.167 0 0
         667.136 0 1
         667.453 0 0
         667.849 0 1
         668.795 0 0
         669.699 0 1
         669.995 0 0
         670.470 0 1
         670.591 1 1
         670.606 0 1
         670.843 0 0
         671.305 0 1
         671.308 0 0
         671.887 0 1
         671.976 0 0
         671.978 0 1
         672.052 0 0
         672.949 0 1
         673.147 0 0
         675.695 0 1
         675.729 1 1
         676.463 0 1
         677.142 1 1
         677.203 0 1
         677.569 0 0
         677.676 0 1
         677.887 0 0
         678.066 0 1
         678.195 0 0
         678.686 0 1
         679.443 0 0
         680.023 0 1
         680.052 1 1
         680.121 0 1
         680.160 0 0
         680.547 0 1
         681.602 1 1
         681.783 2 1
         681.783 1 1
         682.096 2 1
         682.208 1 1
         682.309 2 1
         682.464 1 1
         682.919 0 1
         683.054 1 1
         683.131 0 1
         683.621 1 1
         684.056 0 1
         684.772 0 0
         685.473 0 1
         685.492 0 0
         686.824 0 1
         687.063 0 0
         688.996 0 1
         690.054 1 1
         690.255 2 1
         690.325 1 1
         690.492 0 1
         690.732 0 0
         691.577 0 1
         692.006 1 1
         692.128 0 1
         692.266 0 0
         693.036 0 1
         693.215 0 0
         696.609 0 1
         696.714 1 1
         697.017 0 1
         697.815 0 0
         704.137 0 1
         704.498 1 1
         704.525 0 1
         704.544 1 1
         704.828 0 1
         704.862 0 0
         704.942 0 1
         705.498 1 1
         706.336 0 1
         706.402 1 1
         706.538 2 1
         706.622 1 1
         706.795 0 1
         706.805 0 0
         707.862 0 1
         707.931 0 0
         709.500 0 1
         710.231 0 0
         710.339 0 1
         710.718 1 1
         711.011 0 1
         711.666 1 1
         711.777 2 1
         711.876 3 1
         711.904 4 1
         712.145 5 1
         712.267 6 1
         712.963 5 1
         713.097 6 1
         713.545 5 1
         713.557 4 1
         714.211 5 1
         714.644 6 1
         715.008 5 1
         715.815 4 1
         715.941 5 1
         715.997 6 1
         716.048 5 1
         716.626 4 1
         717.453 3 1
         717.576 2 1
         717.682 3 1
         718.144 2 1
         718.241 3 1
         718.992 4 1
         719.091 5 1
         719.529 4 1
         719.685 3 1
         719.838 2 1
         719.949 3 1
         720.143 2 1
         720.664 3 1
         721.038 4 1
         721.118 3 1
         721.779 2 1
         721.825 1 1
         722.049 2 1
         722.388 1 1
         722.681 2 1
         723.110 3 1
         723.203 2 1
         723.374 1 1
         723.973 0 1
         723.975 0 0
         725.856 0 1
         726.521 0 0
         727.769 0 1
         727.895 1 1
         728.569 0 1
         728.944 0 0
         729.111 0 1
         729.419 0 0
         732.126 0 1
         733.418 0 0
         734.579 0 1
         734.997 0 0
         735.322 0 1
         735.498 0 0
         737.652 0 1
         737.684 1 1
         738.044 0 1
         738.160 1 1
         738.646 0 1
         739.229 1 1
         739.329 0 1
         739.819 1 1
         739.879 0 1
         739.919 1 1
         740.075 0 1
         740.122 0 0
         741.781 0 1
         741.914 0 0
         742.312 0 1
         742.818 0 0
         743.149 0 1
         743.200 0 0
         745.097 0 1
         745.272 0 0
         746.412 0 1
         747.411 0 0
         748.098 0 1
         748.369 0 0
         750.195 0 1
         750.251 0 0
         752.877 0 1
         753.841 0 0
         754.336 0 1
         754.966 0 0
         757.750 0 1
         757.775 0 0
         757.884 0 1
         757.954 0 0
         760.011 0 1
         760.088 0 0
         760.905 0 1
         761.778 0 0
         764.699 0 1
         765.340 1 1
         765.716 2 1
         765.804 1 1
         765.897 0 1
         765.948 1 1
         766.820 0 1
         767.562 0 0
         767.717 0 1
         768.346 0 0
         769.113 0 1
         769.391 0 0
         770.403 0 1
         770.457 1 1
         770.465 0 1
         770.837 0 0
         771.302 0 1
         771.382 0 0
         772.977 0 1
         774.115 1 1
         774.118 0 1
         774.120 0 0
         774.284 0 1
         774.888 0 0
         775.073 0 1
         775.133 0 0
         775.154 0 1
         775.482 1 1
         775.487 0 1
         775.503 0 0
         776.622 0 1
         776.845 0 0
         778.427 0 1
         778.427 0 0
         779.559 0 1
         779.667 0 0
         781.704 0 1
         782.723 0 0
         783.930 0 1
         784.332 0 0
         785.767 0 1
         785.955 1 1
         786.251 0 1
         786.402 1 1
         787.398 0 1
         787.851 0 0
         789.014 0 1
         789.133 0 0
         789.574 0 1
         790.330 0 0
         792.364 0 1
         792.401 1 1
         793.307 0 1
         793.447 0 0
         794.616 0 1
         794.699 1 1
         795.597 2 1
         797.004 1 1
         797.108 2 1
         797.202 1 1
         797.377 2 1
         797.533 3 1
         797.747 2 1
         797.753 1 1
         797.811 0 1
         797.901 0 0
         797.910 0 1
         798.455 0 0
         798.647 0 1
         799.747 0 0
         799.805 0 1
         799.835 0 0
         801.979 0 1
         802.133 0 0
         803.978 0 1
         804.078 1 1
         804.152 0 1
         804.206 0 0
         805.456 0 1
         806.501 0 0
         807.412 0 1
         807.515 1 1
         807.936 2 1
         808.102 1 1
         808.489 2 1
         809.188 1 1
         809.574 2 1
         810.003 1 1
         810.107 2 1
         810.666 1 1
         810.733 0 1
         811.247 1 1
         811.320 2 1
         811.416 1 1
         811.883 0 1
         812.374 0 0
         815.466 0 1
         816.102 1 1
         817.020 0 1
         817.469 1 1
         817.781 0 1
         817.872 0 0
         818.119 0 1
         818.563 0 0
         818.791 0 1
         819.552 0 0
         819.597 0 1
         819.834 1 1
         819.892 2 1
         819.926 1 1
         820.005 0 1
         820.587 0 0
         821.474 0 1
         821.534 1 1
         822.231 2 1
         822.262 3 1
         823.284 2 1
         823.659 1 1
         823.755 0 1
         824.304 0 0
         825.760 0 1
         826.001 0 0
         828.112 0 1
         828.190 0 0
         829.766 0 1
         829.789 1 1
         830.439 0 1
         830.459 1 1
         830.737 0 1
         830.985 1 1
         831.286 0 1
         831.554 0 0
         831.717 0 1
         832.537 0 0
         836.550 0 1
         837.797 0 0
         837.913 0 1
         837.962 0 0
         838.517 0 1
         838.946 1 1
         839.127 0 1
         839.242 0 0
         839.607 0 1
         839.737 0 0
         841.472 0 1
         841.684 0 0
         841.755 0 1
         841.883 1 1
         841.892 2 1
         841.927 1 1
         841.940 0 1
         842.022 1 1
         842.075 0 1
         842.206 0 0
         845.620 0 1
         845.670 0 0
         845.697 0 1
         845.993 1 1
         846.218 0 1
         847.058 1 1
         847.284 0 1
         847.340 1 1
         847.377 0 1
         847.474 0 0
         847.645 0 1
         848.501 1 1
         848.535 0 1
         848.678 0 0
         849.252 0 1
         849.443 1 1
         849.473 0 1
         849.717 0 0
         850.109 0 1
         850.118 0 0
         853.175 0 1
         853.215 0 0
         853.828 0 1
         854.102 0 0
         855.071 0 1
         855.267 1 1
         855.652 0 1
         856.623 0 0
         860.115 0 1
         860.542 0 0
         860.748 0 1
         861.147 0 0
         861.441 0 1
         861.723 1 1
         861.764 2 1
         862.070 1 1
         862.463 0 1
         862.845 1 1
         863.105 0 1
         863.450 0 0
         863.993 0 1
         864.213 0 0
         864.412 0 1
         864.763 0 0
         865.993 0 1
         866.232 1 1
         866.381 0 1
         866.417 1 1
         866.754 0 1
         866.935 1 1
         866.996 2 1
         867.686 3 1
         867.715 4 1
         868.354 3 1
         868.759 2 1
         869.028 1 1
         869.122 2 1
         870.363 1 1
         870.564 0 1
         870.668 0 0
         873.582 0 1
         874.189 0 0
         874.454 0 1
         874.722 0 0
         875.431 0 1
         875.935 1 1
         876.055 0 1
         876.589 0 0
         876.881 0 1
         877.642 1 1
         877.989 0 1
         878.424 0 0
         878.728 0 1
         878.839 1 1
         879.157 0 1
         879.314 0 0
         881.549 0 1
         881.590 0 0
         881.987 0 1
         882.316 1 1
         883.159 0 1
         884.062 0 0
         885.699 0 1
         885.814 1 1
         885.890 0 1
         886.175 1 1
         886.607 0 1
         887.964 1 1
         888.023 2 1
         888.566 1 1
         889.055 0 1
         889.482 1 1
         889.585 2 1
         889.688 1 1
         889.748 2 1
         889.954 1 1
         890.123 0 1
         890.508 0 0
         890.577 0 1
         890.939 0 0
         891.931 0 1
         892.003 0 0
         892.120 0 1
         892.188 1 1
         892.311 0 1
         892.582 0 0
         892.936 0 1
         892.946 0 0
         894.644 0 1
         894.900 1 1
         895.877 0 1
         895.935 0 0
         899.500 0 1
         899.617 1 1
         900.585 2 1
         900.793 1 1
         900.794 2 1
         900.916 3 1
         901.131 4 1
         901.181 3 1
         901.289 2 1
         901.304 1 1
         901.408 2 1
         901.411 3 1
         901.471 2 1
         901.533 1 1
         902.504 2 1
         902.750 1 1
         902.765 2 1
         902.769 1 1
         902.928 2 1
         903.241 1 1
         903.503 0 1
         903.595 1 1
         903.909 2 1
         904.435 3 1
         904.499 2 1
         904.554 1 1
         905.044 0 1
         905.286 0 0
         905.957 0 1
         905.969 0 0
         907.047 0 1
         907.326 0 0
         908.973 0 1
         908.998 1 1
         909.816 2 1
         909.859 3 1
         910.181 4 1
         910.498 3 1
         910.565 4 1
         911.337 3 1
         911.368 2 1
         911.590 3 1
         911.768 2 1
         912.467 1 1
         912.605 0 1
         913.298 0 0
         913.422 0 1
         914.141 0 0
         915.412 0 1
         915.588 0 0
         916.745 0 1
         916.788 0 0
         918.722 0 1
         918.982 0 0
         921.332 0 1
         921.414 1 1
         921.575 0 1
         922.163 0 0
         925.252 0 1
         926.016 1 1
         926.480 0 1
         926.564 0 0
         927.070 0 1
         927.161 1 1
         927.174 0 1
         927.393 1 1
         928.024 2 1
         928.323 1 1
         928.382 0 1
         928.414 1 1
         928.522 0 1
         928.896 0 0
         928.987 0 1
         929.370 0 0
         929.838 0 1
         929.992 1 1
         930.723 2 1
         931.048 3 1
         931.115 4 1
         931.618 3 1
         931.686 2 1
         931.704 1 1
         931.799 0 1
         932.656 1 1
         933.053 2 1
         933.136 1 1
         933.491 2 1
         933.997 1 1
         934.005 0 1
         934.590 1 1
         934.607 2 1
         934.869 3 1
         935.026 2 1
         935.148 1 1
         935.211 2 1
         935.220 3 1
         935.236 2 1
         935.364 1 1
         935.662 2 1
         935.835 3 1
         936.111 2 1
         936.998 1 1
         937.280 2 1
         937.287 1 1
         937.338 0 1
         938.681 1 1
         939.631 2 1
         939.793 1 1
         940.456 0 1
         940.534 0 0
         940.690 0 1
         940.954 0 0
         944.956 0 1
         946.451 0 0
         946.990 0 1
         947.384 1 1
         947.749 0 1
         947.903 0 0
         948.573 0 1
         949.093 0 0
         951.147 0 1
         951.878 0 0
         953.417 0 1
         953.851 1 1
         953.920 0 1
         954.853 0 0
         958.234 0 1
         958.318 0 0
         959.858 0 1
         960.330 1 1
         961.160 2 1
         961.567 1 1
         961.754 0 1
         962.038 0 0
         962.617 0 1
         962.749 0 0
         962.873 0 1
         962.942 0 0
         964.624 0 1
         964.923 1 1
         964.981 0 1
         965.429 1 1
         965.451 0 1
         965.656 0 0
         966.148 0 1
         966.290 0 0
         968.037 0 1
         969.583 0 0
         969.961 0 1
         969.977 1 1
         969.987 2 1
         970.613 3 1
         970.675 2 1
         971.049 3 1
         971.321 4 1
         972.846 3 1
         973.066 2 1
         973.425 3 1
         973.667 4 1
         973.861 3 1
         973.965 4 1
         974.352 3 1
         975.832 4 1
         976.280 3 1
         977.128 4 1
         977.453 5 1
         977.655 4 1
         978.148 3 1
         978.168 4 1
         978.483 3 1
         979.065 2 1
         979.326 1 1
         979.694 0 1
         979.788 1 1
         979.874 2 1
         980.174 1 1
         980.760 0 1
         981.024 1 1
         981.507 0 1
         981.969 1 1
         982.092 0 1
         982.113 1 1
         982.728 2 1
         982.886 1 1
         983.321 2 1
         983.399 1 1
         983.773 0 1
         983.962 0 0
         985.734 0 1
         986.139 0 0
         987.045 0 1
         987.359 0 0
         987.844 0 1
         988.050 0 0
         988.384 0 1
         988.712 0 0
         989.725 0 1
         989.999 0 0
         990.208 0 1
         990.574 0 0
         990.695 0 1
         990.721 0 0
         990.976 0 1
         991.021 0 0
         991.192 0 1
         991.440 0 0
         993.484 0 1
         994.755 1 1
         994.884 0 1
         995.876 1 1
         996.299 0 1
         996.309 1 1
         996.384 2 1
         997.196 3 1
         998.124 2 1
         998.712 1 1
         999.531 0 1
         999.622 1 1
         999.832 2 1
        1000.169 1 1
        1000.305 0 1
        1000.315 1 1
        1000.369 2 1
        1000.872 3 1
        1001.667 2 1
        1001.786 1 1
        1002.121 0 1
        1002.388 0 0
        1002.776 0 1
        1003.096 0 0
        1007.247 0 1
        1007.251 0 0
        1007.533 0 1
        1007.601 0 0
        1008.408 0 1
        1008.631 0 0
        1011.093 0 1
        1011.477 1 1
        1011.810 2 1
        1012.637 3 1
        1012.644 2 1
        1012.793 3 1
        1012.816 4 1
        1013.853 3 1
        1013.916 2 1
        1013.977 3 1
        1014.873 2 1
        1015.053 3 1
        1015.563 2 1
        1016.065 3 1
        1016.129 4 1
        1016.237 3 1
        1016.312 2 1
        1016.520 1 1
        1016.604 0 1
        1016.967 0 0
        1018.416 0 1
        1019.068 0 0
        1019.076 0 1
        1019.269 0 0
        1024.077 0 1
        1024.842 0 0
        1024.896 0 1
        1025.281 0 0
        1025.479 0 1
        1026.073 0 0
        1027.316 0 1
        1027.539 0 0
        1027.676 0 1
        1028.106 0 0
        1028.524 0 1
        1028.588 0 0
        1029.245 0 1
        1029.406 1 1
        1029.471 0 1
        1030.200 0 0
        1030.722 0 1
        1031.466 0 0
        1031.504 0 1
        1032.121 0 0
        1033.175 0 1
        1033.850 0 0
        1033.967 0 1
        1034.066 0 0
