Series de tiempo producidas por mm1.m 
3
time
longitud de la cola
ocupacion del servidor (OCUPADO=1,LIBRE=0)
           0.000 0 0
           2.657 0 1
           2.776 1 1
           3.264 0 1
           4.300 1 1
           4.312 2 1
           5.938 1 1
           6.130 2 1
           6.306 3 1
           6.734 4 1
           6.850 3 1
           7.101 2 1
           7.355 3 1
           9.269 4 1
           9.752 3 1
           9.934 2 1
          10.018 3 1
          10.130 4 1
          10.817 3 1
          12.567 4 1
          12.640 5 1
          13.256 4 1
          13.283 3 1
          13.324 2 1
          13.881 1 1
          14.093 0 1
          14.251 1 1
          14.638 2 1
          15.285 1 1
          15.480 2 1
          15.509 1 1
          15.820 0 1
          15.835 1 1
          16.608 2 1
          16.663 3 1
          17.261 2 1
          17.807 1 1
          18.818 2 1
          19.698 3 1
          21.753 2 1
          22.416 1 1
          22.814 0 1
          23.024 1 1
          23.957 0 1
          24.065 1 1
          24.741 0 1
          25.358 0 0
          26.188 0 1
          26.299 1 1
          27.309 2 1
          27.773 1 1
          28.508 0 1
          28.600 0 0
          31.812 0 1
          32.173 0 0
          33.320 0 1
          33.563 1 1
          33.906 2 1
          35.252 3 1
          35.513 2 1
          36.249 1 1
          36.420 2 1
          37.142 1 1
          37.774 0 1
          37.929 1 1
          41.056 2 1
          41.143 1 1
          41.314 2 1
          41.948 1 1
          42.739 0 1
          42.939 0 0
          43.450 0 1
          43.735 1 1
          44.006 0 1
          44.467 0 0
          45.074 0 1
          45.186 0 0
          45.761 0 1
          46.167 0 0
          47.179 0 1
          47.333 1 1
          47.402 2 1
          47.815 1 1
          48.307 0 1
          48.792 0 0
          50.344 0 1
          50.566 1 1
          50.675 0 1
          50.964 0 0
          52.483 0 1
          53.003 1 1
          53.560 0 1
          54.055 0 0
          54.918 0 1
          55.088 1 1
          56.279 2 1
          56.290 1 1
          56.718 2 1
          57.337 3 1
          57.400 4 1
          57.967 3 1
          58.259 2 1
          58.424 3 1
          58.492 4 1
          58.635 3 1
          58.848 4 1
          59.775 5 1
          60.030 4 1
          60.255 5 1
          60.977 6 1
          61.976 5 1
          63.398 4 1
          63.407 5 1
          64.006 6 1
          64.581 7 1
          65.644 6 1
          65.686 5 1
          67.494 6 1
          67.659 5 1
          68.723 4 1
          69.909 3 1
          70.380 4 1
          70.703 3 1
          70.888 2 1
          71.344 1 1
          71.692 2 1
          73.231 3 1
          74.006 4 1
          75.316 3 1
          75.323 4 1
          75.710 5 1
          75.962 4 1
          76.508 3 1
          76.878 4 1
          78.587 3 1
          78.634 2 1
          78.691 1 1
          78.934 2 1
          78.975 1 1
          79.209 0 1
          79.671 1 1
          80.564 2 1
          81.514 3 1
          81.985 4 1
          83.322 5 1
          83.441 4 1
          83.741 5 1
          84.537 4 1
          84.877 5 1
          85.331 4 1
          85.659 5 1
          86.173 6 1
          86.242 5 1
          87.238 4 1
          88.530 5 1
          88.927 6 1
          89.413 5 1
          89.604 6 1
          90.224 7 1
          90.680 6 1
          90.922 5 1
          90.945 4 1
          91.367 3 1
          91.834 4 1
          91.950 5 1
          92.190 6 1
          92.448 7 1
          92.457 8 1
          92.928 9 1
          93.437 10 1
          93.591 11 1
          93.592 10 1
          93.600 11 1
          93.644 10 1
          93.879 9 1
          94.387 8 1
          94.679 9 1
          95.446 8 1
          95.516 7 1
          95.842 6 1
          96.326 7 1
          96.330 6 1
          96.398 7 1
          96.772 8 1
          96.895 9 1
          96.943 10 1
          97.067 11 1
          98.411 12 1
          98.730 13 1
          99.249 12 1
         101.046 11 1
         101.227 10 1
         101.654 11 1
         101.852 10 1
         101.991 9 1
         102.096 8 1
         103.575 9 1
         103.856 8 1
         103.934 9 1
         103.968 10 1
         104.114 11 1
         104.186 12 1
         104.367 11 1
         105.026 12 1
         105.177 11 1
         106.334 10 1
         106.352 9 1
         106.559 8 1
         107.193 7 1
         108.510 6 1
         109.113 5 1
         110.266 4 1
         112.536 3 1
         112.800 2 1
         112.817 3 1
         113.944 4 1
         114.532 5 1
         114.656 4 1
         115.718 3 1
         116.222 4 1
         116.898 3 1
         117.255 2 1
         117.635 1 1
         117.707 0 1
         118.169 0 0
         118.336 0 1
         118.944 0 0
         119.820 0 1
         120.402 0 0
         121.504 0 1
         122.024 1 1
         122.798 2 1
         122.945 3 1
         123.650 4 1
         125.812 3 1
         125.957 2 1
         126.102 1 1
         126.122 2 1
         126.446 3 1
         127.467 2 1
         127.498 1 1
         128.225 0 1
         128.404 0 0
         128.438 0 1
         129.261 1 1
         130.085 2 1
         130.113 3 1
         131.189 2 1
         131.518 1 1
         131.753 2 1
         132.970 3 1
         133.507 2 1
         133.660 1 1
         134.640 0 1
         136.588 1 1
         136.615 0 1
         136.764 0 0
         137.079 0 1
         137.909 0 0
         144.497 0 1
         144.834 0 0
         145.747 0 1
         146.190 0 0
         148.363 0 1
         148.961 1 1
         149.302 2 1
         150.729 1 1
         150.860 0 1
         151.241 0 0
         151.759 0 1
         151.936 1 1
         152.093 0 1
         152.432 0 0
         152.490 0 1
         152.600 1 1
         152.863 2 1
         152.916 1 1
         154.830 2 1
         155.076 1 1
         155.985 0 1
         156.633 1 1
         157.044 2 1
         157.253 3 1
         157.257 4 1
         157.271 3 1
         157.449 4 1
         158.236 3 1
         159.193 2 1
         159.631 3 1
         159.705 4 1
         160.252 5 1
         161.467 6 1
         162.192 7 1
         163.127 8 1
         163.271 7 1
         164.371 6 1
         164.760 7 1
         165.031 8 1
         166.527 7 1
         167.362 6 1
         167.394 5 1
         167.615 6 1
         171.376 7 1
         172.089 6 1
         172.368 7 1
         173.061 8 1
         173.792 9 1
         173.860 10 1
         174.340 11 1
         174.480 12 1
         175.386 11 1
         175.483 10 1
         175.563 9 1
         176.490 8 1
         176.809 7 1
         177.594 8 1
         177.641 7 1
         177.666 6 1
         177.748 7 1
         178.400 6 1
         178.589 7 1
         179.844 6 1
         179.882 5 1
         179.979 4 1
         180.184 3 1
         180.336 2 1
         180.547 3 1
         180.811 4 1
         181.843 5 1
         182.476 4 1
         182.660 5 1
         183.042 4 1
         183.486 5 1
         183.947 4 1
         184.474 5 1
         185.350 4 1
         185.495 5 1
         185.726 6 1
         186.748 5 1
         187.236 6 1
         187.378 5 1
         187.604 4 1
         187.893 5 1
         188.074 4 1
         188.177 3 1
         189.157 2 1
         192.817 1 1
         193.048 2 1
         193.372 1 1
         194.622 2 1
         194.628 1 1
         194.782 0 1
         195.584 1 1
         195.661 2 1
         196.327 3 1
         197.775 2 1
         198.007 3 1
         198.145 4 1
         198.340 3 1
         198.919 2 1
         201.174 1 1
         201.613 2 1
         203.278 3 1
         203.515 4 1
         204.166 5 1
         205.542 4 1
         207.444 5 1
         207.537 4 1
         207.669 3 1
         207.851 4 1
         207.918 3 1
         208.692 4 1
         208.748 3 1
         208.958 4 1
         209.403 3 1
         210.669 4 1
         210.972 3 1
         211.250 4 1
         211.311 5 1
         211.876 6 1
         212.440 5 1
         212.633 6 1
         212.642 5 1
         213.014 6 1
         213.642 7 1
         213.687 8 1
         214.351 7 1
         215.119 6 1
         215.483 7 1
         215.693 8 1
         216.688 9 1
         217.226 8 1
         217.517 7 1
         218.683 8 1
         221.201 7 1
         221.552 6 1
         222.156 5 1
         222.429 6 1
         224.200 7 1
         224.203 6 1
         224.447 5 1
         224.636 4 1
         224.867 3 1
         225.049 4 1
         225.824 3 1
         226.259 2 1
         228.342 1 1
         228.905 2 1
         229.207 1 1
         230.679 0 1
         230.795 1 1
         231.342 0 1
         231.353 1 1
         232.323 2 1
         233.108 3 1
         235.125 4 1
         235.552 5 1
         236.249 4 1
         237.845 5 1
         238.116 4 1
         238.477 3 1
         239.173 2 1
         239.178 3 1
         239.561 4 1
         239.574 5 1
         240.497 4 1
         240.853 3 1
         241.098 2 1
         242.723 1 1
         243.224 2 1
         243.521 3 1
         244.065 2 1
         244.451 1 1
         244.773 0 1
         245.002 0 0
         247.818 0 1
         248.178 1 1
         248.427 0 1
         249.181 1 1
         249.465 2 1
         249.830 3 1
         249.848 2 1
         250.231 1 1
         250.484 0 1
         250.981 1 1
         251.606 0 1
         251.900 0 0
         254.089 0 1
         254.291 1 1
         254.525 2 1
         254.761 3 1
         254.922 2 1
         255.944 3 1
         257.328 2 1
         258.251 1 1
         258.650 2 1
         258.705 3 1
         259.600 4 1
         259.831 3 1
         260.156 4 1
         260.322 3 1
         262.843 4 1
         262.993 3 1
         263.117 2 1
         263.799 3 1
         263.839 4 1
         264.206 5 1
         265.331 4 1
         265.388 3 1
         265.892 4 1
         266.003 3 1
         266.005 4 1
         267.053 3 1
         267.497 2 1
         267.792 3 1
         267.835 4 1
         268.174 5 1
         269.942 6 1
         270.417 5 1
         270.433 4 1
         270.643 5 1
         270.775 6 1
         271.404 7 1
         271.870 6 1
         272.379 7 1
         273.146 8 1
         273.169 7 1
         273.805 8 1
         273.896 9 1
         273.954 10 1
         275.075 11 1
         275.375 10 1
         275.471 11 1
         276.106 12 1
         276.243 13 1
         277.018 12 1
         277.105 11 1
         279.217 12 1
         279.339 13 1
         279.671 14 1
         279.974 15 1
         280.074 14 1
         281.714 15 1
         281.976 16 1
         282.521 17 1
         282.676 16 1
         282.792 17 1
         282.922 18 1
         283.387 19 1
         284.420 18 1
         284.727 19 1
         285.012 18 1
         285.260 17 1
         285.330 16 1
         286.854 15 1
         287.016 14 1
         287.481 15 1
         287.509 14 1
         287.680 15 1
         289.806 14 1
         290.863 13 1
         291.105 14 1
         291.629 15 1
         291.890 16 1
         291.930 17 1
         292.404 16 1
         292.684 15 1
         292.690 14 1
         293.571 15 1
         293.809 14 1
         296.037 15 1
         296.349 14 1
         296.762 15 1
         296.874 16 1
         297.239 15 1
         297.772 14 1
         298.232 15 1
         299.094 14 1
         299.579 13 1
         301.961 12 1
         302.379 13 1
         302.881 14 1
         303.123 15 1
         303.557 14 1
         303.706 13 1
         305.068 12 1
         307.668 11 1
         308.047 10 1
         308.635 9 1
         308.921 8 1
         309.231 9 1
         309.428 8 1
         309.599 7 1
         310.139 6 1
         311.483 7 1
         311.624 8 1
         311.798 7 1
         311.971 8 1
         312.120 7 1
         312.187 6 1
         312.759 5 1
         312.829 4 1
         313.101 5 1
         313.105 6 1
         313.836 5 1
         313.837 4 1
         314.409 5 1
         314.608 4 1
         314.919 3 1
         315.036 4 1
         315.338 3 1
         315.761 4 1
         315.795 5 1
         315.802 4 1
         316.094 5 1
         316.833 4 1
         316.925 5 1
         317.848 6 1
         318.759 7 1
         319.254 6 1
         319.784 7 1
         319.855 8 1
         320.218 7 1
         320.697 8 1
         321.267 7 1
         321.921 8 1
         322.764 7 1
         323.699 8 1
         324.182 9 1
         324.837 8 1
         324.928 7 1
         325.012 8 1
         325.764 9 1
         325.960 8 1
         326.576 7 1
         327.566 8 1
         328.135 9 1
         328.888 8 1
         329.073 9 1
         329.528 8 1
         329.881 9 1
         330.073 8 1
         330.356 7 1
         332.432 6 1
         332.886 5 1
         333.139 6 1
         333.565 5 1
         335.267 4 1
         336.115 3 1
         336.352 2 1
         336.535 1 1
         337.291 2 1
         338.028 3 1
         338.283 2 1
         339.093 3 1
         339.567 2 1
         340.728 3 1
         341.020 4 1
         341.611 5 1
         341.688 4 1
         343.257 5 1
         343.751 6 1
         344.063 5 1
         344.199 6 1
         344.266 5 1
         344.292 4 1
         344.918 5 1
         345.526 4 1
         345.573 5 1
         346.047 4 1
         346.202 5 1
         346.537 4 1
         346.583 3 1
         346.761 4 1
         347.999 3 1
         348.103 4 1
         349.607 3 1
         349.738 2 1
         349.765 3 1
         350.271 4 1
         351.540 3 1
         351.846 4 1
         352.122 3 1
         352.257 2 1
         352.770 3 1
         353.104 4 1
         353.444 3 1
         353.547 4 1
         354.846 3 1
         354.966 4 1
         355.380 3 1
         355.892 4 1
         356.271 5 1
         356.367 6 1
         356.448 7 1
         357.034 6 1
         357.178 5 1
         358.665 4 1
         358.938 3 1
         359.134 2 1
         359.443 1 1
         359.633 0 1
         359.764 0 0
         361.101 0 1
         362.143 0 0
         364.408 0 1
         364.794 1 1
         366.138 2 1
         366.405 1 1
         366.432 2 1
         366.614 1 1
         366.698 2 1
         367.032 1 1
         368.889 2 1
         369.352 1 1
         370.207 0 1
         371.106 0 0
         371.886 0 1
         372.103 1 1
         372.490 2 1
         372.624 1 1
         373.516 2 1
         373.532 3 1
         373.578 4 1
         373.676 3 1
         374.582 4 1
         375.545 5 1
         376.214 6 1
         377.730 7 1
         377.926 8 1
         378.250 9 1
         379.254 10 1
         379.315 9 1
         379.407 10 1
         379.689 9 1
         379.931 8 1
         380.236 7 1
         380.876 8 1
         381.945 7 1
         382.422 6 1
         382.857 5 1
         383.011 6 1
         383.978 7 1
         384.899 6 1
         385.610 7 1
         386.269 6 1
         386.310 5 1
         386.793 6 1
         387.645 7 1
         388.382 8 1
         388.838 9 1
         389.022 10 1
         389.258 9 1
         389.610 8 1
         389.686 7 1
         390.073 6 1
         390.180 7 1
         390.289 6 1
         390.339 7 1
         391.140 8 1
         391.325 7 1
         391.498 6 1
         392.228 5 1
         392.463 4 1
         392.511 5 1
         392.707 6 1
         392.756 7 1
         393.307 6 1
         394.037 5 1
         395.513 4 1
         396.125 5 1
         397.096 6 1
         397.101 5 1
         397.571 6 1
         398.197 5 1
         398.818 4 1
         399.775 3 1
         399.860 2 1
         401.358 3 1
         401.853 4 1
         402.098 3 1
         402.176 4 1
         403.103 5 1
         403.179 6 1
         404.019 5 1
         404.263 4 1
         404.283 5 1
         405.699 6 1
         407.074 5 1
         409.034 4 1
         409.495 3 1
         409.838 4 1
         411.756 3 1
         412.777 2 1
         413.312 1 1
         413.662 0 1
         413.674 0 0
         414.023 0 1
         414.499 0 0
         419.435 0 1
         419.946 1 1
         420.154 2 1
         421.126 1 1
         422.323 0 1
         423.078 0 0
         423.667 0 1
         423.908 0 0
         424.645 0 1
         425.515 1 1
         425.617 0 1
         426.046 1 1
         426.620 0 1
         427.485 1 1
         427.585 2 1
         428.090 1 1
         428.260 0 1
         428.320 1 1
         428.384 0 1
         428.494 1 1
         428.555 2 1
         428.956 1 1
         430.446 2 1
         430.900 1 1
         430.974 0 1
         432.042 1 1
         433.355 0 1
         433.791 1 1
         434.858 0 1
         434.933 0 0
         435.026 0 1
         435.180 0 0
         437.161 0 1
         437.489 0 0
         437.604 0 1
         437.779 0 0
         438.272 0 1
         438.327 0 0
         439.179 0 1
         439.378 0 0
         440.606 0 1
         441.397 1 1
         441.416 0 1
         441.507 0 0
         442.298 0 1
         442.398 1 1
         443.073 2 1
         444.424 3 1
         444.560 4 1
         446.225 5 1
         447.403 4 1
         447.559 3 1
         448.322 2 1
         448.838 1 1
         449.398 0 1
         450.146 1 1
         450.257 0 1
         450.492 0 0
         451.323 0 1
         451.375 1 1
         451.885 2 1
         453.456 1 1
         454.154 0 1
         455.282 0 0
         455.566 0 1
         455.810 0 0
         456.192 0 1
         457.354 0 0
         458.160 0 1
         459.945 1 1
         460.087 2 1
         460.648 1 1
         461.024 0 1
         461.187 0 0
         461.266 0 1
         461.935 1 1
         462.063 2 1
         462.378 3 1
         462.703 4 1
         462.842 5 1
         463.790 4 1
         464.547 5 1
         464.690 6 1
         465.757 7 1
         465.767 8 1
         465.786 7 1
         466.098 6 1
         466.879 5 1
         467.371 6 1
         467.493 5 1
         468.238 4 1
         469.780 5 1
         469.916 4 1
         470.233 5 1
         470.378 6 1
         470.415 7 1
         470.454 8 1
         471.512 7 1
         471.814 6 1
         472.008 7 1
         472.472 8 1
         474.075 9 1
         474.729 8 1
         476.730 7 1
         479.154 6 1
         479.308 5 1
         479.424 4 1
         479.829 5 1
         480.156 6 1
         481.526 7 1
         482.570 8 1
         482.792 9 1
         483.520 8 1
         484.847 9 1
         484.857 10 1
         485.544 11 1
         485.951 12 1
         486.188 11 1
         486.522 12 1
         487.518 11 1
         487.585 10 1
         487.691 9 1
         487.693 8 1
         488.261 7 1
         489.103 8 1
         489.331 9 1
         489.485 10 1
         489.722 11 1
         489.980 12 1
         490.905 13 1
         491.981 14 1
         492.835 15 1
         494.332 14 1
         494.830 13 1
         495.696 14 1
         495.810 15 1
         496.943 14 1
         497.095 15 1
         498.199 16 1
         499.026 17 1
         499.211 18 1
         499.504 17 1
         499.573 18 1
         499.841 19 1
         500.354 18 1
         500.464 19 1
         500.620 20 1
         500.653 19 1
         501.287 20 1
         501.931 19 1
         502.345 18 1
         502.381 17 1
         503.020 18 1
         503.807 19 1
         504.028 18 1
         504.087 19 1
         504.148 20 1
         504.607 21 1
         505.190 22 1
         505.867 23 1
         506.511 24 1
         507.777 23 1
         508.025 22 1
         508.089 23 1
         508.455 24 1
         509.210 25 1
         509.583 26 1
         509.939 25 1
         510.964 24 1
         511.966 23 1
         513.913 24 1
         514.031 23 1
         514.318 24 1
         514.888 25 1
         515.398 26 1
         515.634 25 1
         515.860 26 1
         516.114 27 1
         517.439 26 1
         517.775 27 1
         519.750 28 1
         520.144 27 1
         520.451 26 1
         521.774 27 1
         522.206 28 1
         522.408 29 1
         523.100 30 1
         523.229 29 1
         523.333 30 1
         528.248 29 1
         528.382 28 1
         529.064 27 1
         529.255 28 1
         529.525 29 1
         530.601 28 1
         531.390 27 1
         531.430 26 1
         531.683 27 1
         531.817 28 1
         532.210 27 1
         533.571 26 1
         533.748 25 1
         533.854 26 1
         533.973 27 1
         534.313 26 1
         534.566 25 1
         534.999 24 1
         535.697 25 1
         535.840 24 1
         536.777 25 1
         536.979 26 1
         537.238 25 1
         537.253 24 1
         537.318 25 1
         537.458 26 1
         537.655 25 1
         537.991 26 1
         538.550 27 1
         540.167 28 1
         540.402 29 1
         540.855 28 1
         540.890 27 1
         541.393 26 1
         541.412 25 1
         541.893 24 1
         542.037 23 1
         542.594 24 1
         543.068 25 1
         543.221 24 1
         543.417 23 1
         544.039 22 1
         544.838 23 1
         545.093 24 1
         545.692 25 1
         546.770 26 1
         548.609 25 1
         549.173 26 1
         549.403 25 1
         549.508 24 1
         551.244 25 1
         552.674 24 1
         553.529 25 1
         554.345 26 1
         555.314 25 1
         555.948 24 1
         556.011 25 1
         556.564 24 1
         556.805 25 1
         556.957 26 1
         557.024 25 1
         557.564 26 1
         557.622 25 1
         558.874 26 1
         559.046 25 1
         559.941 24 1
         560.208 25 1
         560.514 26 1
         560.881 27 1
         561.701 28 1
         561.915 27 1
         562.791 28 1
         563.480 29 1
         563.736 30 1
         563.900 31 1
         565.036 32 1
         565.825 31 1
         565.901 32 1
         566.089 33 1
         567.066 34 1
         567.530 33 1
         569.001 32 1
         570.666 33 1
         571.105 32 1
         571.228 33 1
         571.423 34 1
         573.619 33 1
         573.829 34 1
         575.408 33 1
         575.477 34 1
         576.349 35 1
         578.094 34 1
         578.647 33 1
         578.821 34 1
         579.130 33 1
         579.298 32 1
         579.877 31 1
         580.286 32 1
         580.815 31 1
         580.936 30 1
         581.027 29 1
         581.692 28 1
         582.481 27 1
         582.584 28 1
         582.847 29 1
         583.210 28 1
         585.606 29 1
         585.630 28 1
         585.823 27 1
         586.950 28 1
         587.368 27 1
         587.742 26 1
         587.849 25 1
         588.383 26 1
         588.547 25 1
         588.769 26 1
         589.265 27 1
         589.577 26 1
         589.630 25 1
         589.742 26 1
         590.044 25 1
         590.080 26 1
         590.646 25 1
         591.212 26 1
         591.305 25 1
         592.046 24 1
         592.942 23 1
         593.908 22 1
         594.683 23 1
         595.510 22 1
         595.958 21 1
         596.859 20 1
         597.208 21 1
         597.287 20 1
         598.816 19 1
         599.354 18 1
         599.830 17 1
         600.098 18 1
         600.329 19 1
         600.779 18 1
         601.538 17 1
         601.627 18 1
         601.655 17 1
         601.995 18 1
         602.145 19 1
         603.134 18 1
         603.216 17 1
         603.305 16 1
         605.281 17 1
         605.385 16 1
         605.826 17 1
         605.839 18 1
         605.839 19 1
         605.946 20 1
         606.230 21 1
         607.154 20 1
         607.508 21 1
         607.616 20 1
         607.908 19 1
         607.975 18 1
         608.283 19 1
         608.331 18 1
         609.027 17 1
         609.621 18 1
         611.332 19 1
         611.813 20 1
         611.849 19 1
         612.307 20 1
         612.468 19 1
         613.724 18 1
         613.737 17 1
         614.045 16 1
         615.520 17 1
         616.231 16 1
         616.312 15 1
         616.714 14 1
         617.443 15 1
         617.657 14 1
         618.752 15 1
         619.700 14 1
         620.178 13 1
         621.166 14 1
         621.365 15 1
         621.808 16 1
         623.513 15 1
         623.632 14 1
         623.638 15 1
         623.749 16 1
         624.138 15 1
         624.485 16 1
         625.101 17 1
         625.624 16 1
         626.155 15 1
         626.458 14 1
         627.065 13 1
         627.723 14 1
         628.159 13 1
         628.519 12 1
         628.591 11 1
         629.404 10 1
         630.518 9 1
         630.540 10 1
         630.798 9 1
         630.927 10 1
         631.712 9 1
         632.307 8 1
         632.559 7 1
         632.754 6 1
         633.193 7 1
         633.425 8 1
         634.341 7 1
         634.668 8 1
         634.886 9 1
         636.197 8 1
         636.696 9 1
         637.083 10 1
         637.665 9 1
         638.224 10 1
         638.498 11 1
         638.650 10 1
         638.877 11 1
         638.956 10 1
         639.287 9 1
         639.345 10 1
         639.959 9 1
         640.420 8 1
         641.708 9 1
         642.220 8 1
         642.646 7 1
         643.343 8 1
         643.719 9 1
         644.339 10 1
         644.376 11 1
         644.552 10 1
         645.085 9 1
         645.406 10 1
         645.502 9 1
         646.067 10 1
         646.709 11 1
         646.838 10 1
         646.941 9 1
         647.619 10 1
         647.681 9 1
         648.730 8 1
         649.402 7 1
         650.600 6 1
         651.809 7 1
         651.869 6 1
         652.265 5 1
         652.706 6 1
         652.799 5 1
         652.893 4 1
         653.258 5 1
         655.212 4 1
         655.586 3 1
         655.745 4 1
         655.804 3 1
         655.867 2 1
         656.058 1 1
         656.773 0 1
         657.530 1 1
         658.482 0 1
         659.349 1 1
         659.552 0 1
         659.755 0 0
         659.838 0 1
         660.146 1 1
         660.156 0 1
         660.235 0 0
         660.725 0 1
         660.853 1 1
         662.240 2 1
         662.778 3 1
         663.349 2 1
         665.158 3 1
         667.005 2 1
         667.039 1 1
         667.112 0 1
         667.467 1 1
         668.477 2 1
         668.729 3 1
         668.929 2 1
         669.667 3 1
         670.389 2 1
         671.010 1 1
         671.873 2 1
         671.983 3 1
         672.310 4 1
         672.646 5 1
         672.717 4 1
         673.130 3 1
         673.306 2 1
         674.410 3 1
         674.803 4 1
         675.243 3 1
         675.341 2 1
         675.651 1 1
         675.709 0 1
         676.871 0 0
         677.977 0 1
         679.216 0 0
         679.289 0 1
         680.579 0 0
         681.224 0 1
         681.499 1 1
         681.943 2 1
         682.591 3 1
         683.265 2 1
         683.505 3 1
         684.241 4 1
         685.129 5 1
         685.408 6 1
         685.771 5 1
         686.215 4 1
         686.232 5 1
         687.195 4 1
         688.560 5 1
         688.717 4 1
         691.560 3 1
         691.950 4 1
         692.274 3 1
         692.584 4 1
         694.123 3 1
         694.475 4 1
         694.895 3 1
         695.015 2 1
         695.068 3 1
         695.287 2 1
         695.761 1 1
         695.782 2 1
         695.789 3 1
         695.880 4 1
         696.057 5 1
         696.344 4 1
         696.492 3 1
         697.028 4 1
         697.424 5 1
         697.458 6 1
         698.994 7 1
         699.239 6 1
         700.407 7 1
         700.719 6 1
         700.940 7 1
         701.331 8 1
         701.451 7 1
         701.754 8 1
         702.013 9 1
         702.072 8 1
         703.350 9 1
         703.379 10 1
         703.575 11 1
         703.585 10 1
         703.661 9 1
         704.070 10 1
         704.717 9 1
         704.898 8 1
         705.210 7 1
         706.059 6 1
         706.272 5 1
         706.544 6 1
         706.785 5 1
         707.288 6 1
         707.695 5 1
         707.713 6 1
         708.262 5 1
         709.562 6 1
         710.114 5 1
         710.994 6 1
         711.033 7 1
         711.465 6 1
         711.942 5 1
         712.999 4 1
         713.205 5 1
         713.406 6 1
         714.729 7 1
         715.063 8 1
         715.543 9 1
         715.657 8 1
         715.971 9 1
         716.758 8 1
         717.002 9 1
         717.035 8 1
         717.392 7 1
         717.497 6 1
         718.314 5 1
         720.574 6 1
         722.169 7 1
         722.530 8 1
         723.305 9 1
         723.352 10 1
         723.958 11 1
         724.356 12 1
         724.423 13 1
         724.979 14 1
         725.737 13 1
         726.642 12 1
         727.215 11 1
         727.351 10 1
         727.766 11 1
         728.112 12 1
         728.132 13 1
         728.674 12 1
         728.812 11 1
         729.651 10 1
         729.771 11 1
         730.151 12 1
         731.112 11 1
         731.496 12 1
         732.060 11 1
         732.171 10 1
         732.270 9 1
         732.298 8 1
         732.539 7 1
         732.660 6 1
         733.491 5 1
         734.656 4 1
         735.398 5 1
         735.422 6 1
         735.769 5 1
         736.203 4 1
         737.500 3 1
         738.324 4 1
         738.789 5 1
         738.845 6 1
         739.114 5 1
         740.271 4 1
         740.530 5 1
         740.777 6 1
         741.912 7 1
         741.925 6 1
         742.471 7 1
         743.222 8 1
         743.320 9 1
         744.179 10 1
         744.490 11 1
         744.694 10 1
         744.796 11 1
         745.306 10 1
         745.512 11 1
         745.885 12 1
         746.896 13 1
         747.255 12 1
         747.347 11 1
         748.218 12 1
         748.474 11 1
         748.850 12 1
         749.279 13 1
         750.103 12 1
         750.446 11 1
         751.644 10 1
         751.648 9 1
         752.025 10 1
         753.356 11 1
         753.482 12 1
         753.561 11 1
         754.777 10 1
         755.083 11 1
         755.527 10 1
         756.142 9 1
         758.098 10 1
         758.595 9 1
         759.338 8 1
         760.172 7 1
         760.680 8 1
         761.032 9 1
         761.064 10 1
         761.848 11 1
         762.324 12 1
         762.502 11 1
         763.526 12 1
         763.570 11 1
         764.161 10 1
         764.894 11 1
         764.994 12 1
         765.259 11 1
         765.386 12 1
         765.481 13 1
         766.012 14 1
         766.277 15 1
         767.114 16 1
         767.122 15 1
         768.126 16 1
         768.229 17 1
         769.070 16 1
         769.421 15 1
         769.544 16 1
         771.107 15 1
         771.542 16 1
         772.083 17 1
         773.203 16 1
         773.316 15 1
         774.766 16 1
         774.774 15 1
         776.693 16 1
         777.953 17 1
         778.087 18 1
         778.138 19 1
         778.188 18 1
         778.329 17 1
         779.222 16 1
         779.376 15 1
         780.265 16 1
         782.012 17 1
         782.653 18 1
         783.170 17 1
         783.545 16 1
         783.778 15 1
         783.966 14 1
         784.863 15 1
         785.811 14 1
         786.632 15 1
         787.295 14 1
         788.027 15 1
         788.552 14 1
         789.107 13 1
         789.161 12 1
         789.285 11 1
         789.317 12 1
         790.061 13 1
         790.130 12 1
         790.289 11 1
         791.427 10 1
         791.735 11 1
         791.904 12 1
         791.908 13 1
         792.697 14 1
         793.710 13 1
         793.791 12 1
         793.906 13 1
         793.912 12 1
         794.234 13 1
         794.579 12 1
         794.610 11 1
         795.374 12 1
         795.821 13 1
         796.415 12 1
         796.416 11 1
         796.953 12 1
         797.169 13 1
         798.562 12 1
         799.395 13 1
         800.599 12 1
         801.231 13 1
         801.403 12 1
         801.420 13 1
         801.867 14 1
         802.371 13 1
         804.162 14 1
         804.983 13 1
         805.067 14 1
         805.305 15 1
         805.543 14 1
         807.055 13 1
         807.091 12 1
         808.095 13 1
         808.977 12 1
         809.256 11 1
         809.339 10 1
         810.310 11 1
         811.209 12 1
         812.719 13 1
         813.115 14 1
         813.384 15 1
         814.116 14 1
         814.271 13 1
         814.475 14 1
         814.487 15 1
         814.603 16 1
         814.649 15 1
         814.784 16 1
         815.386 15 1
         815.873 16 1
         816.543 15 1
         818.073 16 1
         818.133 17 1
         818.717 16 1
         819.026 15 1
         819.126 14 1
         819.473 13 1
         820.132 14 1
         820.240 15 1
         820.851 14 1
         822.197 15 1
         822.300 16 1
         822.942 15 1
         823.363 14 1
         823.680 15 1
         823.916 14 1
         825.001 13 1
         825.851 14 1
         826.384 15 1
         826.630 14 1
         827.711 15 1
         827.771 14 1
         827.845 15 1
         827.918 16 1
         829.137 15 1
         830.069 14 1
         831.052 13 1
         831.688 12 1
         832.064 13 1
         833.431 14 1
         834.796 13 1
         834.954 14 1
         835.136 15 1
         835.446 14 1
         835.808 15 1
         836.335 14 1
         836.615 15 1
         836.851 16 1
         837.508 17 1
         837.566 18 1
         837.858 17 1
         838.016 16 1
         839.148 17 1
         839.182 16 1
         839.207 17 1
         839.905 18 1
         839.935 19 1
         842.800 18 1
         843.433 19 1
         843.551 18 1
         843.625 19 1
         844.650 18 1
         845.133 17 1
         845.977 18 1
         846.133 19 1
         846.156 20 1
         846.787 19 1
         847.456 18 1
         847.502 19 1
         848.028 20 1
         848.054 19 1
         848.786 18 1
         849.126 19 1
         849.322 18 1
         850.961 17 1
         852.324 16 1
         853.958 17 1
         854.562 18 1
         854.660 19 1
         854.817 18 1
         855.090 19 1
         855.751 20 1
         855.981 21 1
         856.037 20 1
         856.296 19 1
         856.578 18 1
         857.002 17 1
         857.130 16 1
         857.475 15 1
         857.484 14 1
         857.613 13 1
         857.640 12 1
         857.847 13 1
         857.910 12 1
         858.171 11 1
         858.248 10 1
         858.347 9 1
         858.643 8 1
         859.685 7 1
         860.750 6 1
         861.445 7 1
         861.727 8 1
         861.913 9 1
         862.218 10 1
         862.411 11 1
         862.883 10 1
         863.266 11 1
         864.018 12 1
         864.304 13 1
         864.495 14 1
         864.662 13 1
         864.937 14 1
         865.328 13 1
         865.424 14 1
         865.444 15 1
         866.097 16 1
         866.176 17 1
         867.418 18 1
         867.966 19 1
         868.163 20 1
         868.395 19 1
         869.326 20 1
         871.267 21 1
         871.900 22 1
         872.753 23 1
         873.243 22 1
         873.445 23 1
         873.727 24 1
         874.040 23 1
         874.081 22 1
         874.985 23 1
         875.162 22 1
         875.771 23 1
         876.446 22 1
         876.919 23 1
         877.137 22 1
         877.338 23 1
         877.576 22 1
         878.278 21 1
         878.518 20 1
         878.919 21 1
         879.103 22 1
         879.294 21 1
         879.812 20 1
         879.849 21 1
         879.910 22 1
         880.600 23 1
         880.629 24 1
         882.037 25 1
         882.845 26 1
         883.012 25 1
         883.383 26 1
         885.683 25 1
         886.084 24 1
         886.292 23 1
         887.164 22 1
         887.844 23 1
         888.377 22 1
         888.820 23 1
         888.913 22 1
         889.324 23 1
         890.160 22 1
         890.270 23 1
         891.031 24 1
         891.228 23 1
         892.314 22 1
         893.185 21 1
         893.247 22 1
         893.296 21 1
         894.104 22 1
         894.419 23 1
         894.857 24 1
         894.938 25 1
         895.266 26 1
         896.006 25 1
         897.609 26 1
         899.389 25 1
         899.416 26 1
         899.505 25 1
         899.799 26 1
         899.866 25 1
         901.232 26 1
         901.655 25 1
         901.714 24 1
         903.172 23 1
         904.150 22 1
         905.152 23 1
         905.255 24 1
         905.416 23 1
         905.417 24 1
         905.949 23 1
         906.247 24 1
         906.286 23 1
         907.017 24 1
         907.640 23 1
         907.740 24 1
         907.829 23 1
         907.886 24 1
         907.897 23 1
         908.267 24 1
         908.645 23 1
         908.811 24 1
         908.831 25 1
         909.087 26 1
         910.353 25 1
         911.554 26 1
         911.668 27 1
         911.785 28 1
         914.372 29 1
         914.953 28 1
         915.161 27 1
         915.341 28 1
         915.463 29 1
         915.678 30 1
         915.936 29 1
         915.955 30 1
         915.985 31 1
         916.152 30 1
         916.155 29 1
         916.320 30 1
         916.443 31 1
         917.248 30 1
         917.508 29 1
         917.546 28 1
         917.710 27 1
         918.654 26 1
         918.878 27 1
         919.321 26 1
         919.401 27 1
         919.714 28 1
         920.241 29 1
         921.315 28 1
         921.425 27 1
         921.762 28 1
         922.245 29 1
         922.405 28 1
         922.429 27 1
         923.335 28 1
         923.894 29 1
         923.919 30 1
         924.356 29 1
         925.174 28 1
         925.216 27 1
         925.538 26 1
         925.922 25 1
         926.970 26 1
         927.599 25 1
         927.662 24 1
         927.995 25 1
         928.461 24 1
         929.827 25 1
         929.858 24 1
         930.104 25 1
         931.244 24 1
         932.094 25 1
         932.682 24 1
         933.035 23 1
         933.427 24 1
         933.514 25 1
         935.012 24 1
         935.531 23 1
         935.613 22 1
         936.100 21 1
         936.123 22 1
         937.299 23 1
         938.063 24 1
         939.939 23 1
         940.519 24 1
         940.686 25 1
         940.777 26 1
         940.985 27 1
         940.993 26 1
         941.217 27 1
         941.847 28 1
         942.237 29 1
         942.356 30 1
         942.636 31 1
         943.209 32 1
         943.291 31 1
         943.956 32 1
         944.141 31 1
         944.296 30 1
         944.721 31 1
         945.452 32 1
         945.777 33 1
         945.844 34 1
         947.385 35 1
         947.521 36 1
         947.557 37 1
         947.747 38 1
         947.857 37 1
         948.253 36 1
         948.691 35 1
         950.413 34 1
         950.422 35 1
         950.438 36 1
         951.512 35 1
         951.529 34 1
         951.791 33 1
         952.133 32 1
         952.377 31 1
         952.480 32 1
         952.489 33 1
         952.552 32 1
         952.809 31 1
         952.931 32 1
         953.104 33 1
         954.303 32 1
         954.550 33 1
         955.128 34 1
         956.076 33 1
         956.178 32 1
         956.528 33 1
         957.479 34 1
         958.537 35 1
         959.862 36 1
         960.018 37 1
         961.089 36 1
         961.618 35 1
         963.651 34 1
         964.285 35 1
         964.679 36 1
         966.198 37 1
         966.640 36 1
         966.949 35 1
         967.386 36 1
         968.427 37 1
         969.523 36 1
         970.697 37 1
         970.985 36 1
         971.131 37 1
         971.991 36 1
         973.856 35 1
         975.480 34 1
         975.514 35 1
         975.649 34 1
         975.985 35 1
         976.815 36 1
         978.272 37 1
         978.647 38 1
         979.065 37 1
         979.216 38 1
         979.321 37 1
         979.480 38 1
         979.617 39 1
         979.917 40 1
         980.630 41 1
         981.072 40 1
         981.137 41 1
         981.856 42 1
         982.013 41 1
         982.267 42 1
         982.550 43 1
         983.901 42 1
         984.474 43 1
         984.490 44 1
         985.917 45 1
         985.928 46 1
         986.554 47 1
         986.989 48 1
         986.994 47 1
         987.266 46 1
         989.370 45 1
         989.811 44 1
         991.332 45 1
         991.399 44 1
         991.574 45 1
         991.698 44 1
         992.556 45 1
         993.564 44 1
         994.860 43 1
         996.413 44 1
         996.739 45 1
         997.454 46 1
         997.609 45 1
         998.278 44 1
         998.441 45 1
         999.605 46 1
         999.897 45 1
        1000.128 46 1
        1000.634 45 1
        1000.720 44 1
        1001.086 45 1
        1001.871 44 1
        1002.259 45 1
        1003.204 46 1
        1003.365 45 1
        1003.509 44 1
        1004.373 45 1
        1004.987 46 1
        1005.096 45 1
        1005.581 46 1
        1006.123 45 1
        1006.872 44 1
        1007.248 43 1
        1007.994 44 1
        1008.559 43 1
        1008.803 44 1
        1009.359 43 1
        1009.432 44 1
        1009.844 45 1
        1009.898 44 1
        1010.555 43 1
        1011.038 42 1
        1011.185 43 1
        1011.585 42 1
        1011.673 43 1
        1011.954 44 1
        1012.005 45 1
        1012.221 46 1
        1012.311 47 1
        1012.318 46 1
        1012.813 45 1
        1014.084 44 1
        1014.604 45 1
        1015.725 46 1
        1016.884 45 1
        1017.316 44 1
        1018.556 45 1
        1018.632 46 1
        1019.443 47 1
        1020.967 46 1
        1021.869 47 1
        1022.142 46 1
        1023.417 45 1
        1023.508 46 1
        1023.627 45 1
        1023.899 44 1
        1023.990 45 1
        1024.044 46 1
        1024.548 47 1
        1026.452 48 1
        1026.624 47 1
        1026.689 48 1
        1027.222 49 1
        1027.295 48 1
        1027.934 47 1
        1028.220 46 1
        1028.228 45 1
        1029.103 44 1
        1029.239 43 1
        1031.693 44 1
        1031.924 43 1
        1032.139 44 1
        1032.308 43 1
        1032.641 42 1
        1033.467 41 1
        1033.623 40 1
        1035.240 41 1
        1035.263 42 1
        1036.041 41 1
        1036.168 40 1
        1036.423 41 1
        1037.500 42 1
        1038.081 41 1
        1038.881 42 1
        1039.093 41 1
        1039.158 40 1
        1040.228 41 1
        1040.378 42 1
        1040.794 43 1
        1040.962 44 1
        1041.444 43 1
        1041.689 44 1
        1042.105 43 1
        1042.993 44 1
        1043.379 45 1
        1044.198 46 1
        1045.728 47 1
        1046.311 48 1
        1047.080 49 1
        1047.105 48 1
        1048.293 47 1
        1048.653 46 1
        1048.918 47 1
        1049.097 46 1
        1049.766 47 1
        1049.957 46 1
        1050.085 45 1
        1050.246 44 1
        1050.487 45 1
        1050.698 44 1
        1051.802 45 1
        1052.155 44 1
        1052.585 45 1
        1053.645 44 1
        1054.256 45 1
        1054.879 44 1
        1055.048 45 1
        1055.521 46 1
        1055.720 47 1
        1056.230 46 1
        1056.766 47 1
        1057.464 48 1
        1057.536 47 1
        1057.891 48 1
        1058.688 49 1
        1059.700 48 1
        1059.915 49 1
        1061.181 48 1
        1061.811 49 1
        1062.986 50 1
        1063.062 49 1
        1064.259 50 1
        1064.610 51 1
        1066.124 50 1
        1066.173 49 1
        1067.554 50 1
        1067.767 51 1
        1067.995 52 1
        1068.695 53 1
        1068.725 52 1
        1069.390 51 1
        1069.740 50 1
        1070.020 51 1
        1070.198 52 1
        1071.237 53 1
        1071.364 54 1
        1071.833 55 1
        1072.222 56 1
        1073.271 55 1
        1073.370 56 1
        1073.490 57 1
        1073.585 58 1
        1074.324 59 1
        1074.439 58 1
        1074.758 57 1
        1075.401 56 1
        1076.296 55 1
        1076.589 56 1
        1077.721 57 1
        1077.939 56 1
        1078.157 57 1
        1078.521 58 1
        1079.572 57 1
        1079.940 58 1
        1081.111 59 1
        1081.583 60 1
        1081.891 61 1
        1082.026 60 1
        1082.277 59 1
        1082.681 58 1
        1084.588 57 1
        1084.605 58 1
        1084.664 59 1
        1085.536 58 1
        1086.222 57 1
