Series de tiempo producidas por mm1.m 
3
time
longitud de la cola1  
ocupacion del servidor1 (OCUPADO=1,LIBRE=0)
longitud de la cola2  
ocupacion del servidor2 (OCUPADO=1,LIBRE=0)
1              2.859 0 1 0 0
2              2.916 0 0 0 1
3              3.139 0 0 0 0
1              8.838 0 1 0 0
2              8.959 0 0 0 1
3              9.123 0 0 0 0
1             17.747 0 1 0 0
2             17.780 0 0 0 1
3             18.315 0 0 0 0
1             22.449 0 1 0 0
1             22.650 1 1 0 0
2             22.656 0 1 0 1
2             22.761 0 0 1 1
3             23.008 0 0 0 1
3             23.559 0 0 0 0
1             24.260 0 1 0 0
2             24.383 0 0 0 1
3             24.516 0 0 0 0
1             31.605 0 1 0 0
2             31.648 0 0 0 1
3             31.763 0 0 0 0
1             32.333 0 1 0 0
2             32.502 0 0 0 1
3             32.512 0 0 0 0
1             33.051 0 1 0 0
2             33.629 0 0 0 1
3             34.169 0 0 0 0
1             52.171 0 1 0 0
2             52.573 0 0 0 1
3             52.595 0 0 0 0
1             54.179 0 1 0 0
2             54.282 0 0 0 1
3             54.811 0 0 0 0
1             68.806 0 1 0 0
2             68.853 0 0 0 1
3             70.391 0 0 0 0
1             74.631 0 1 0 0
2             75.038 0 0 0 1
3             75.560 0 0 0 0
1             77.285 0 1 0 0
2             77.796 0 0 0 1
3             78.103 0 0 0 0
1             79.054 0 1 0 0
2             79.154 0 0 0 1
3             79.257 0 0 0 0
1             81.286 0 1 0 0
2             81.323 0 0 0 1
3             81.475 0 0 0 0
1             94.997 0 1 0 0
2             95.943 0 0 0 1
3             96.523 0 0 0 0
1            101.196 0 1 0 0
2            101.346 0 0 0 1
3            101.362 0 0 0 0
1            101.579 0 1 0 0
2            102.405 0 0 0 1
3            103.732 0 0 0 0
1            114.243 0 1 0 0
2            114.309 0 0 0 1
3            114.405 0 0 0 0
1            120.087 0 1 0 0
2            120.206 0 0 0 1
3            120.307 0 0 0 0
1            133.978 0 1 0 0
2            134.232 0 0 0 1
1            134.576 0 1 0 1
3            134.670 0 1 0 0
2            134.764 0 0 0 1
3            135.464 0 0 0 0
1            139.754 0 1 0 0
2            139.826 0 0 0 1
3            140.367 0 0 0 0
1            141.532 0 1 0 0
2            141.625 0 0 0 1
3            141.775 0 0 0 0
1            143.319 0 1 0 0
2            143.450 0 0 0 1
3            143.452 0 0 0 0
1            149.155 0 1 0 0
2            149.506 0 0 0 1
3            149.602 0 0 0 0
1            151.498 0 1 0 0
2            152.179 0 0 0 1
3            152.634 0 0 0 0
1            154.688 0 1 0 0
2            155.292 0 0 0 1
1            155.884 0 1 0 1
2            156.098 0 0 1 1
3            156.975 0 0 0 1
3            157.339 0 0 0 0
1            161.023 0 1 0 0
2            161.101 0 0 0 1
3            161.294 0 0 0 0
1            164.126 0 1 0 0
2            164.414 0 0 0 1
3            164.554 0 0 0 0
1            175.704 0 1 0 0
2            175.728 0 0 0 1
3            175.932 0 0 0 0
1            183.595 0 1 0 0
2            183.957 0 0 0 1
3            184.044 0 0 0 0
1            184.923 0 1 0 0
2            184.931 0 0 0 1
3            184.980 0 0 0 0
1            189.237 0 1 0 0
2            189.819 0 0 0 1
3            190.013 0 0 0 0
1            195.115 0 1 0 0
2            195.212 0 0 0 1
1            195.291 0 1 0 1
2            195.321 0 0 1 1
3            195.399 0 0 0 1
3            195.545 0 0 0 0
1            211.997 0 1 0 0
2            212.092 0 0 0 1
3            212.355 0 0 0 0
1            215.076 0 1 0 0
2            215.256 0 0 0 1
3            215.358 0 0 0 0
1            224.170 0 1 0 0
2            224.189 0 0 0 1
3            224.334 0 0 0 0
1            239.758 0 1 0 0
2            239.834 0 0 0 1
3            240.337 0 0 0 0
1            240.732 0 1 0 0
2            240.738 0 0 0 1
1            240.871 0 1 0 1
2            240.977 0 0 1 1
3            241.048 0 0 0 1
3            241.118 0 0 0 0
1            252.376 0 1 0 0
2            252.430 0 0 0 1
3            252.483 0 0 0 0
1            255.575 0 1 0 0
2            255.673 0 0 0 1
3            256.022 0 0 0 0
1            265.352 0 1 0 0
2            265.399 0 0 0 1
3            265.702 0 0 0 0
1            272.655 0 1 0 0
1            272.824 1 1 0 0
2            272.893 0 1 0 1
2            272.973 0 0 1 1
3            273.099 0 0 0 1
3            273.100 0 0 0 0
1            277.231 0 1 0 0
2            277.392 0 0 0 1
3            277.586 0 0 0 0
1            278.468 0 1 0 0
2            278.519 0 0 0 1
3            278.766 0 0 0 0
1            280.578 0 1 0 0
2            280.595 0 0 0 1
3            281.559 0 0 0 0
1            282.130 0 1 0 0
2            282.786 0 0 0 1
3            282.798 0 0 0 0
1            283.085 0 1 0 0
2            283.436 0 0 0 1
3            283.664 0 0 0 0
1            284.281 0 1 0 0
2            284.285 0 0 0 1
3            284.582 0 0 0 0
1            297.601 0 1 0 0
2            297.759 0 0 0 1
3            297.987 0 0 0 0
1            299.586 0 1 0 0
2            299.616 0 0 0 1
3            300.023 0 0 0 0
1            304.483 0 1 0 0
2            304.785 0 0 0 1
3            305.450 0 0 0 0
1            308.420 0 1 0 0
2            308.456 0 0 0 1
3            308.591 0 0 0 0
1            314.559 0 1 0 0
2            315.038 0 0 0 1
3            315.829 0 0 0 0
1            316.866 0 1 0 0
2            316.874 0 0 0 1
3            317.682 0 0 0 0
1            318.512 0 1 0 0
2            318.618 0 0 0 1
3            318.675 0 0 0 0
1            323.359 0 1 0 0
2            323.732 0 0 0 1
3            323.911 0 0 0 0
1            326.596 0 1 0 0
2            326.692 0 0 0 1
3            327.862 0 0 0 0
1            333.736 0 1 0 0
2            333.778 0 0 0 1
3            334.028 0 0 0 0
1            336.755 0 1 0 0
2            336.795 0 0 0 1
3            336.878 0 0 0 0
1            349.013 0 1 0 0
2            349.279 0 0 0 1
1            349.887 0 1 0 1
2            349.965 0 0 1 1
3            350.057 0 0 0 1
1            350.774 0 1 0 1
2            350.855 0 0 1 1
3            350.988 0 0 0 1
3            351.003 0 0 0 0
1            360.845 0 1 0 0
2            360.877 0 0 0 1
3            361.080 0 0 0 0
1            368.203 0 1 0 0
2            368.232 0 0 0 1
3            368.330 0 0 0 0
1            382.725 0 1 0 0
2            382.802 0 0 0 1
3            383.793 0 0 0 0
1            388.095 0 1 0 0
2            388.248 0 0 0 1
3            388.732 0 0 0 0
1            391.137 0 1 0 0
2            391.164 0 0 0 1
3            391.321 0 0 0 0
1            393.091 0 1 0 0
2            393.388 0 0 0 1
3            393.422 0 0 0 0
1            394.676 0 1 0 0
2            394.708 0 0 0 1
3            395.400 0 0 0 0
1            407.556 0 1 0 0
2            407.723 0 0 0 1
3            408.064 0 0 0 0
1            410.152 0 1 0 0
1            410.247 1 1 0 0
2            410.327 0 1 0 1
3            410.523 0 1 0 0
2            410.565 0 0 0 1
3            410.579 0 0 0 0
1            411.072 0 1 0 0
2            411.170 0 0 0 1
3            411.564 0 0 0 0
1            419.195 0 1 0 0
2            419.236 0 0 0 1
3            420.168 0 0 0 0
1            425.698 0 1 0 0
1            425.732 1 1 0 0
2            425.824 0 1 0 1
3            426.102 0 1 0 0
2            426.255 0 0 0 1
3            426.368 0 0 0 0
1            428.765 0 1 0 0
1            428.848 1 1 0 0
1            428.905 2 1 0 0
2            429.462 1 1 0 1
3            429.566 1 1 0 0
2            429.900 0 1 0 1
2            429.968 0 0 1 1
3            430.079 0 0 0 1
3            430.543 0 0 0 0
1            439.124 0 1 0 0
2            439.574 0 0 0 1
3            440.723 0 0 0 0
1            452.698 0 1 0 0
2            452.747 0 0 0 1
3            453.409 0 0 0 0
1            454.124 0 1 0 0
2            454.625 0 0 0 1
3            455.879 0 0 0 0
1            465.671 0 1 0 0
2            465.774 0 0 0 1
3            465.889 0 0 0 0
1            496.457 0 1 0 0
2            496.758 0 0 0 1
3            497.132 0 0 0 0
1            499.305 0 1 0 0
2            499.406 0 0 0 1
1            499.661 0 1 0 1
3            499.687 0 1 0 0
2            499.753 0 0 0 1
3            499.805 0 0 0 0
1            499.920 0 1 0 0
2            500.378 0 0 0 1
3            500.432 0 0 0 0
1            506.626 0 1 0 0
2            506.699 0 0 0 1
3            506.749 0 0 0 0
1            508.366 0 1 0 0
2            508.430 0 0 0 1
3            508.432 0 0 0 0
1            511.318 0 1 0 0
2            511.577 0 0 0 1
3            511.889 0 0 0 0
1            520.506 0 1 0 0
2            521.243 0 0 0 1
3            521.316 0 0 0 0
1            528.646 0 1 0 0
2            528.792 0 0 0 1
3            529.260 0 0 0 0
1            531.764 0 1 0 0
2            532.116 0 0 0 1
3            532.166 0 0 0 0
1            533.739 0 1 0 0
2            533.869 0 0 0 1
3            534.218 0 0 0 0
1            537.062 0 1 0 0
2            537.155 0 0 0 1
3            537.190 0 0 0 0
1            540.770 0 1 0 0
2            540.828 0 0 0 1
3            540.920 0 0 0 0
1            550.752 0 1 0 0
2            551.270 0 0 0 1
3            551.390 0 0 0 0
1            559.491 0 1 0 0
2            559.991 0 0 0 1
3            560.160 0 0 0 0
1            567.364 0 1 0 0
2            567.401 0 0 0 1
3            567.713 0 0 0 0
1            580.599 0 1 0 0
2            580.618 0 0 0 1
3            580.634 0 0 0 0
1            581.998 0 1 0 0
2            582.250 0 0 0 1
3            582.374 0 0 0 0
1            586.471 0 1 0 0
2            586.489 0 0 0 1
3            586.529 0 0 0 0
1            588.279 0 1 0 0
2            588.597 0 0 0 1
3            588.753 0 0 0 0
1            590.591 0 1 0 0
2            591.547 0 0 0 1
1            592.056 0 1 0 1
2            592.181 0 0 1 1
3            592.579 0 0 0 1
3            592.667 0 0 0 0
1            594.024 0 1 0 0
2            594.583 0 0 0 1
3            594.996 0 0 0 0
1            600.247 0 1 0 0
2            600.478 0 0 0 1
3            600.598 0 0 0 0
1            607.577 0 1 0 0
2            607.900 0 0 0 1
3            608.051 0 0 0 0
1            612.303 0 1 0 0
2            612.389 0 0 0 1
3            612.452 0 0 0 0
1            618.261 0 1 0 0
2            618.606 0 0 0 1
3            618.615 0 0 0 0
1            631.571 0 1 0 0
2            632.373 0 0 0 1
3            632.863 0 0 0 0
1            634.072 0 1 0 0
2            634.106 0 0 0 1
3            634.701 0 0 0 0
1            647.392 0 1 0 0
2            647.484 0 0 0 1
3            647.503 0 0 0 0
1            650.046 0 1 0 0
2            650.665 0 0 0 1
3            651.006 0 0 0 0
1            680.244 0 1 0 0
2            680.459 0 0 0 1
3            680.507 0 0 0 0
1            696.177 0 1 0 0
2            696.309 0 0 0 1
3            696.358 0 0 0 0
1            729.036 0 1 0 0
2            729.112 0 0 0 1
3            729.193 0 0 0 0
1            731.003 0 1 0 0
2            731.321 0 0 0 1
3            731.628 0 0 0 0
1            735.751 0 1 0 0
2            735.826 0 0 0 1
3            735.912 0 0 0 0
1            738.999 0 1 0 0
2            739.121 0 0 0 1
3            739.701 0 0 0 0
1            744.062 0 1 0 0
2            744.121 0 0 0 1
3            744.149 0 0 0 0
1            748.545 0 1 0 0
1            748.932 1 1 0 0
2            749.137 0 1 0 1
3            749.231 0 1 0 0
2            749.320 0 0 0 1
3            749.379 0 0 0 0
1            757.948 0 1 0 0
2            757.955 0 0 0 1
3            758.885 0 0 0 0
1            758.922 0 1 0 0
2            759.852 0 0 0 1
3            760.184 0 0 0 0
1            772.229 0 1 0 0
2            772.562 0 0 0 1
3            772.619 0 0 0 0
1            777.303 0 1 0 0
2            777.316 0 0 0 1
3            777.472 0 0 0 0
1            777.677 0 1 0 0
2            777.804 0 0 0 1
1            778.055 0 1 0 1
2            778.256 0 0 1 1
3            778.584 0 0 0 1
3            778.657 0 0 0 0
1            780.193 0 1 0 0
2            780.193 0 0 0 1
3            780.561 0 0 0 0
1            789.427 0 1 0 0
2            789.580 0 0 0 1
3            790.244 0 0 0 0
1            797.590 0 1 0 0
2            797.681 0 0 0 1
3            797.856 0 0 0 0
1            799.001 0 1 0 0
2            799.318 0 0 0 1
1            799.532 0 1 0 1
3            799.552 0 1 0 0
2            799.574 0 0 0 1
3            799.631 0 0 0 0
1            799.956 0 1 0 0
2            800.453 0 0 0 1
3            800.605 0 0 0 0
1            801.707 0 1 0 0
2            801.861 0 0 0 1
1            801.902 0 1 0 1
3            801.996 0 1 0 0
1            802.043 1 1 0 0
2            802.080 0 1 0 1
2            802.121 0 0 1 1
3            802.365 0 0 0 1
3            803.050 0 0 0 0
1            805.540 0 1 0 0
2            805.859 0 0 0 1
3            805.959 0 0 0 0
1            813.649 0 1 0 0
2            813.856 0 0 0 1
3            813.857 0 0 0 0
1            826.942 0 1 0 0
2            826.964 0 0 0 1
3            827.256 0 0 0 0
1            829.709 0 1 0 0
2            830.056 0 0 0 1
3            830.520 0 0 0 0
1            843.878 0 1 0 0
2            843.964 0 0 0 1
3            844.586 0 0 0 0
1            854.238 0 1 0 0
2            854.266 0 0 0 1
3            855.123 0 0 0 0
1            856.273 0 1 0 0
2            856.659 0 0 0 1
3            858.219 0 0 0 0
1            864.939 0 1 0 0
2            865.054 0 0 0 1
3            865.344 0 0 0 0
1            866.242 0 1 0 0
2            866.367 0 0 0 1
3            867.671 0 0 0 0
1            869.035 0 1 0 0
2            869.153 0 0 0 1
3            869.301 0 0 0 0
1            881.998 0 1 0 0
2            882.349 0 0 0 1
3            884.903 0 0 0 0
1            894.456 0 1 0 0
2            894.739 0 0 0 1
3            894.839 0 0 0 0
1            899.341 0 1 0 0
2            899.623 0 0 0 1
3            900.475 0 0 0 0
1            911.493 0 1 0 0
2            911.552 0 0 0 1
3            911.558 0 0 0 0
1            913.233 0 1 0 0
2            913.593 0 0 0 1
3            913.804 0 0 0 0
1            915.779 0 1 0 0
2            915.801 0 0 0 1
3            916.499 0 0 0 0
1            928.174 0 1 0 0
2            928.459 0 0 0 1
3            929.134 0 0 0 0
1            940.852 0 1 0 0
2            940.930 0 0 0 1
3            941.297 0 0 0 0
1            941.494 0 1 0 0
2            941.546 0 0 0 1
3            941.879 0 0 0 0
1            946.561 0 1 0 0
2            946.720 0 0 0 1
3            946.739 0 0 0 0
1            953.637 0 1 0 0
2            953.648 0 0 0 1
3            953.895 0 0 0 0
1            954.783 0 1 0 0
2            954.803 0 0 0 1
3            954.836 0 0 0 0
1            964.243 0 1 0 0
2            964.943 0 0 0 1
3            964.995 0 0 0 0
1            965.022 0 1 0 0
2            965.544 0 0 0 1
3            965.817 0 0 0 0
1            975.030 0 1 0 0
2            975.707 0 0 0 1
3            975.723 0 0 0 0
1            982.662 0 1 0 0
2            982.936 0 0 0 1
3            983.371 0 0 0 0
1            983.690 0 1 0 0
2            984.252 0 0 0 1
3            985.209 0 0 0 0
1            985.420 0 1 0 0
2            985.422 0 0 0 1
3            985.587 0 0 0 0
1            985.961 0 1 0 0
2            986.264 0 0 0 1
3            986.389 0 0 0 0
1            994.772 0 1 0 0
2            994.896 0 0 0 1
1            995.071 0 1 0 1
3            995.163 0 1 0 0
2            995.524 0 0 0 1
3            995.887 0 0 0 0
1            998.646 0 1 0 0
2            998.932 0 0 0 1
3            999.094 0 0 0 0
1           1022.101 0 1 0 0
2           1022.404 0 0 0 1
3           1022.639 0 0 0 0
1           1028.515 0 1 0 0
2           1028.679 0 0 0 1
3           1028.759 0 0 0 0
1           1032.328 0 1 0 0
2           1032.925 0 0 0 1
3           1033.286 0 0 0 0
1           1037.120 0 1 0 0
2           1037.210 0 0 0 1
1           1037.284 0 1 0 1
2           1037.299 0 0 1 1
3           1037.455 0 0 0 1
3           1037.476 0 0 0 0
1           1041.490 0 1 0 0
1           1041.941 1 1 0 0
1           1042.079 2 1 0 0
2           1042.234 1 1 0 1
2           1042.354 0 1 1 1
2           1042.360 0 0 2 1
3           1042.643 0 0 1 1
3           1042.694 0 0 0 1
3           1042.867 0 0 0 0
1           1046.941 0 1 0 0
2           1047.363 0 0 0 1
1           1047.513 0 1 0 1
3           1047.575 0 1 0 0
2           1047.641 0 0 0 1
3           1047.675 0 0 0 0
1           1050.638 0 1 0 0
2           1050.716 0 0 0 1
3           1051.089 0 0 0 0
1           1054.510 0 1 0 0
2           1054.660 0 0 0 1
3           1055.086 0 0 0 0
1           1058.925 0 1 0 0
2           1059.081 0 0 0 1
3           1059.761 0 0 0 0
1           1073.642 0 1 0 0
2           1074.179 0 0 0 1
3           1074.195 0 0 0 0
1           1077.769 0 1 0 0
2           1078.318 0 0 0 1
1           1078.360 0 1 0 1
3           1078.366 0 1 0 0
2           1078.599 0 0 0 1
3           1080.092 0 0 0 0
1           1088.058 0 1 0 0
2           1088.346 0 0 0 1
1           1088.444 0 1 0 1
3           1088.490 0 1 0 0
2           1088.522 0 0 0 1
3           1088.538 0 0 0 0
1           1090.002 0 1 0 0
2           1090.027 0 0 0 1
1           1090.093 0 1 0 1
2           1090.446 0 0 1 1
3           1090.602 0 0 0 1
3           1091.401 0 0 0 0
1           1093.508 0 1 0 0
2           1093.551 0 0 0 1
1           1093.958 0 1 0 1
2           1093.984 0 0 1 1
3           1094.213 0 0 0 1
3           1095.290 0 0 0 0
1           1112.300 0 1 0 0
2           1112.633 0 0 0 1
3           1113.054 0 0 0 0
1           1144.434 0 1 0 0
2           1144.678 0 0 0 1
3           1144.721 0 0 0 0
1           1146.592 0 1 0 0
2           1146.849 0 0 0 1
3           1146.914 0 0 0 0
1           1156.474 0 1 0 0
2           1156.819 0 0 0 1
3           1157.466 0 0 0 0
1           1159.649 0 1 0 0
2           1159.943 0 0 0 1
3           1160.069 0 0 0 0
1           1161.132 0 1 0 0
2           1161.210 0 0 0 1
3           1162.217 0 0 0 0
1           1163.811 0 1 0 0
2           1163.841 0 0 0 1
3           1165.086 0 0 0 0
1           1171.872 0 1 0 0
2           1171.894 0 0 0 1
3           1172.131 0 0 0 0
1           1178.485 0 1 0 0
2           1178.535 0 0 0 1
3           1178.729 0 0 0 0
1           1193.228 0 1 0 0
2           1193.232 0 0 0 1
3           1193.375 0 0 0 0
1           1197.819 0 1 0 0
2           1198.000 0 0 0 1
1           1198.163 0 1 0 1
3           1198.315 0 1 0 0
2           1198.807 0 0 0 1
3           1199.046 0 0 0 0
1           1200.859 0 1 0 0
2           1200.868 0 0 0 1
3           1200.913 0 0 0 0
1           1203.662 0 1 0 0
2           1203.709 0 0 0 1
3           1203.878 0 0 0 0
1           1217.585 0 1 0 0
2           1217.586 0 0 0 1
3           1217.682 0 0 0 0
1           1228.789 0 1 0 0
2           1228.987 0 0 0 1
3           1229.201 0 0 0 0
1           1229.800 0 1 0 0
2           1230.084 0 0 0 1
3           1230.104 0 0 0 0
1           1242.885 0 1 0 0
2           1242.979 0 0 0 1
3           1244.152 0 0 0 0
1           1245.362 0 1 0 0
2           1245.655 0 0 0 1
3           1246.193 0 0 0 0
1           1250.203 0 1 0 0
2           1250.297 0 0 0 1
3           1250.411 0 0 0 0
1           1252.268 0 1 0 0
1           1252.342 1 1 0 0
2           1252.627 0 1 0 1
3           1252.854 0 1 0 0
2           1252.893 0 0 0 1
3           1253.112 0 0 0 0
1           1256.358 0 1 0 0
1           1256.586 1 1 0 0
2           1256.646 0 1 0 1
3           1256.646 0 1 0 0
2           1256.922 0 0 0 1
3           1258.258 0 0 0 0
1           1262.076 0 1 0 0
2           1262.265 0 0 0 1
3           1262.280 0 0 0 0
1           1263.324 0 1 0 0
2           1263.885 0 0 0 1
3           1263.888 0 0 0 0
1           1265.457 0 1 0 0
2           1265.491 0 0 0 1
3           1265.605 0 0 0 0
1           1271.200 0 1 0 0
2           1271.265 0 0 0 1
3           1271.318 0 0 0 0
1           1273.491 0 1 0 0
2           1273.612 0 0 0 1
3           1274.243 0 0 0 0
1           1278.520 0 1 0 0
1           1278.728 1 1 0 0
2           1278.764 0 1 0 1
2           1278.827 0 0 1 1
3           1279.207 0 0 0 1
3           1279.233 0 0 0 0
1           1281.100 0 1 0 0
2           1281.220 0 0 0 1
3           1281.512 0 0 0 0
1           1281.549 0 1 0 0
1           1281.944 1 1 0 0
2           1282.018 0 1 0 1
2           1282.086 0 0 1 1
3           1282.126 0 0 0 1
3           1282.156 0 0 0 0
1           1285.035 0 1 0 0
2           1285.052 0 0 0 1
3           1285.172 0 0 0 0
1           1288.317 0 1 0 0
2           1288.354 0 0 0 1
3           1288.553 0 0 0 0
1           1296.650 0 1 0 0
2           1296.842 0 0 0 1
3           1297.208 0 0 0 0
1           1298.084 0 1 0 0
2           1298.138 0 0 0 1
3           1298.222 0 0 0 0
1           1305.702 0 1 0 0
2           1305.943 0 0 0 1
3           1306.372 0 0 0 0
1           1319.190 0 1 0 0
2           1319.609 0 0 0 1
1           1319.650 0 1 0 1
2           1319.718 0 0 1 1
3           1319.838 0 0 0 1
3           1320.302 0 0 0 0
1           1328.318 0 1 0 0
2           1328.458 0 0 0 1
3           1328.573 0 0 0 0
1           1328.919 0 1 0 0
2           1329.033 0 0 0 1
3           1329.043 0 0 0 0
1           1329.678 0 1 0 0
2           1329.958 0 0 0 1
3           1330.344 0 0 0 0
1           1330.498 0 1 0 0
2           1330.576 0 0 0 1
3           1330.662 0 0 0 0
1           1338.244 0 1 0 0
2           1338.697 0 0 0 1
3           1338.755 0 0 0 0
1           1342.955 0 1 0 0
2           1343.009 0 0 0 1
3           1343.080 0 0 0 0
1           1355.646 0 1 0 0
2           1355.963 0 0 0 1
3           1356.329 0 0 0 0
1           1378.133 0 1 0 0
2           1378.322 0 0 0 1
3           1378.433 0 0 0 0
1           1401.849 0 1 0 0
2           1402.022 0 0 0 1
3           1402.780 0 0 0 0
1           1403.018 0 1 0 0
1           1403.022 1 1 0 0
1           1403.130 2 1 0 0
2           1403.270 1 1 0 1
2           1403.345 0 1 1 1
3           1403.531 0 1 0 1
2           1403.577 0 0 1 1
3           1403.699 0 0 0 1
3           1403.781 0 0 0 0
1           1406.707 0 1 0 0
2           1406.787 0 0 0 1
3           1406.846 0 0 0 0
1           1415.433 0 1 0 0
2           1415.464 0 0 0 1
3           1416.017 0 0 0 0
1           1419.547 0 1 0 0
2           1419.595 0 0 0 1
3           1419.653 0 0 0 0
1           1419.739 0 1 0 0
1           1419.792 1 1 0 0
2           1419.983 0 1 0 1
2           1420.005 0 0 1 1
1           1420.760 0 1 1 1
2           1420.887 0 0 2 1
3           1420.986 0 0 1 1
3           1421.356 0 0 0 1
3           1422.388 0 0 0 0
1           1423.499 0 1 0 0
2           1423.784 0 0 0 1
3           1424.078 0 0 0 0
1           1429.367 0 1 0 0
2           1429.443 0 0 0 1
3           1429.459 0 0 0 0
1           1429.687 0 1 0 0
2           1429.774 0 0 0 1
3           1429.883 0 0 0 0
1           1440.754 0 1 0 0
2           1440.817 0 0 0 1
3           1441.140 0 0 0 0
1           1444.485 0 1 0 0
2           1444.665 0 0 0 1
3           1445.127 0 0 0 0
1           1457.417 0 1 0 0
2           1457.563 0 0 0 1
3           1457.566 0 0 0 0
1           1458.841 0 1 0 0
2           1459.261 0 0 0 1
3           1459.960 0 0 0 0
1           1466.585 0 1 0 0
2           1466.719 0 0 0 1
3           1466.797 0 0 0 0
1           1467.560 0 1 0 0
2           1467.605 0 0 0 1
3           1467.969 0 0 0 0
1           1472.275 0 1 0 0
2           1472.521 0 0 0 1
3           1472.581 0 0 0 0
1           1479.762 0 1 0 0
2           1479.796 0 0 0 1
3           1479.835 0 0 0 0
1           1480.119 0 1 0 0
2           1480.605 0 0 0 1
3           1481.381 0 0 0 0
1           1482.452 0 1 0 0
2           1482.484 0 0 0 1
3           1482.819 0 0 0 0
1           1487.757 0 1 0 0
2           1488.010 0 0 0 1
3           1488.199 0 0 0 0
1           1490.358 0 1 0 0
2           1490.416 0 0 0 1
3           1490.510 0 0 0 0
1           1493.582 0 1 0 0
2           1493.797 0 0 0 1
3           1494.039 0 0 0 0
1           1513.080 0 1 0 0
2           1513.786 0 0 0 1
3           1513.841 0 0 0 0
1           1526.874 0 1 0 0
2           1527.084 0 0 0 1
3           1527.254 0 0 0 0
1           1528.599 0 1 0 0
2           1528.623 0 0 0 1
3           1528.649 0 0 0 0
1           1536.966 0 1 0 0
2           1536.971 0 0 0 1
3           1537.281 0 0 0 0
1           1548.836 0 1 0 0
2           1548.841 0 0 0 1
3           1549.446 0 0 0 0
1           1550.483 0 1 0 0
2           1550.612 0 0 0 1
3           1550.755 0 0 0 0
1           1551.663 0 1 0 0
1           1551.899 1 1 0 0
2           1551.969 0 1 0 1
2           1552.417 0 0 1 1
3           1552.490 0 0 0 1
3           1552.509 0 0 0 0
1           1557.431 0 1 0 0
2           1557.702 0 0 0 1
3           1558.140 0 0 0 0
1           1559.791 0 1 0 0
2           1560.047 0 0 0 1
3           1560.064 0 0 0 0
1           1561.394 0 1 0 0
1           1561.463 1 1 0 0
2           1561.714 0 1 0 1
3           1561.953 0 1 0 0
2           1561.981 0 0 0 1
3           1562.057 0 0 0 0
1           1574.764 0 1 0 0
2           1574.800 0 0 0 1
3           1575.375 0 0 0 0
1           1576.447 0 1 0 0
2           1576.638 0 0 0 1
3           1576.687 0 0 0 0
1           1577.008 0 1 0 0
1           1577.397 1 1 0 0
2           1577.854 0 1 0 1
2           1578.087 0 0 1 1
3           1578.183 0 0 0 1
3           1578.261 0 0 0 0
1           1580.061 0 1 0 0
2           1580.195 0 0 0 1
1           1580.973 0 1 0 1
2           1581.089 0 0 1 1
3           1581.348 0 0 0 1
3           1582.275 0 0 0 0
1           1583.823 0 1 0 0
2           1584.123 0 0 0 1
3           1584.252 0 0 0 0
1           1584.632 0 1 0 0
2           1584.785 0 0 0 1
3           1584.920 0 0 0 0
1           1587.173 0 1 0 0
2           1587.796 0 0 0 1
3           1587.837 0 0 0 0
1           1589.232 0 1 0 0
2           1589.276 0 0 0 1
3           1589.486 0 0 0 0
1           1593.658 0 1 0 0
2           1593.808 0 0 0 1
3           1594.757 0 0 0 0
1           1595.678 0 1 0 0
2           1595.709 0 0 0 1
3           1595.917 0 0 0 0
1           1601.488 0 1 0 0
2           1601.875 0 0 0 1
3           1601.976 0 0 0 0
1           1604.491 0 1 0 0
2           1604.515 0 0 0 1
3           1604.715 0 0 0 0
1           1606.617 0 1 0 0
2           1607.014 0 0 0 1
3           1607.015 0 0 0 0
1           1608.875 0 1 0 0
2           1609.021 0 0 0 1
3           1609.323 0 0 0 0
1           1626.005 0 1 0 0
2           1626.108 0 0 0 1
3           1626.858 0 0 0 0
1           1629.177 0 1 0 0
2           1629.350 0 0 0 1
3           1629.352 0 0 0 0
1           1638.992 0 1 0 0
2           1639.325 0 0 0 1
3           1639.740 0 0 0 0
1           1656.070 0 1 0 0
2           1656.109 0 0 0 1
3           1656.426 0 0 0 0
1           1657.095 0 1 0 0
2           1657.438 0 0 0 1
3           1657.665 0 0 0 0
1           1668.939 0 1 0 0
2           1669.106 0 0 0 1
3           1669.181 0 0 0 0
1           1675.882 0 1 0 0
2           1676.093 0 0 0 1
3           1676.285 0 0 0 0
1           1687.529 0 1 0 0
2           1687.774 0 0 0 1
3           1687.851 0 0 0 0
1           1691.667 0 1 0 0
2           1691.677 0 0 0 1
3           1691.749 0 0 0 0
1           1692.084 0 1 0 0
2           1692.237 0 0 0 1
1           1692.359 0 1 0 1
3           1692.440 0 1 0 0
2           1692.796 0 0 0 1
3           1693.183 0 0 0 0
1           1697.183 0 1 0 0
2           1697.248 0 0 0 1
3           1697.330 0 0 0 0
1           1699.719 0 1 0 0
1           1699.735 1 1 0 0
2           1699.974 0 1 0 1
2           1700.264 0 0 1 1
3           1701.235 0 0 0 1
3           1701.694 0 0 0 0
1           1703.442 0 1 0 0
2           1703.787 0 0 0 1
1           1704.002 0 1 0 1
3           1704.545 0 1 0 0
2           1704.596 0 0 0 1
3           1705.453 0 0 0 0
1           1708.057 0 1 0 0
2           1708.201 0 0 0 1
3           1708.460 0 0 0 0
1           1709.035 0 1 0 0
2           1709.098 0 0 0 1
3           1709.234 0 0 0 0
1           1711.830 0 1 0 0
2           1712.196 0 0 0 1
3           1712.612 0 0 0 0
1           1714.687 0 1 0 0
2           1714.699 0 0 0 1
3           1714.987 0 0 0 0
1           1718.153 0 1 0 0
2           1718.444 0 0 0 1
3           1718.742 0 0 0 0
1           1722.735 0 1 0 0
2           1722.927 0 0 0 1
3           1723.000 0 0 0 0
1           1725.970 0 1 0 0
2           1726.125 0 0 0 1
3           1726.130 0 0 0 0
1           1731.284 0 1 0 0
2           1731.292 0 0 0 1
3           1731.686 0 0 0 0
1           1733.012 0 1 0 0
1           1733.089 1 1 0 0
2           1733.089 0 1 0 1
2           1733.138 0 0 1 1
3           1733.611 0 0 0 1
3           1733.809 0 0 0 0
1           1740.429 0 1 0 0
2           1740.556 0 0 0 1
3           1740.811 0 0 0 0
1           1740.920 0 1 0 0
2           1741.064 0 0 0 1
3           1741.420 0 0 0 0
1           1744.267 0 1 0 0
2           1744.366 0 0 0 1
3           1744.381 0 0 0 0
1           1747.592 0 1 0 0
2           1747.945 0 0 0 1
3           1748.212 0 0 0 0
1           1755.120 0 1 0 0
2           1755.167 0 0 0 1
3           1755.815 0 0 0 0
1           1759.859 0 1 0 0
2           1760.142 0 0 0 1
3           1760.251 0 0 0 0
1           1763.903 0 1 0 0
2           1764.201 0 0 0 1
3           1764.357 0 0 0 0
1           1769.339 0 1 0 0
2           1769.473 0 0 0 1
3           1770.116 0 0 0 0
1           1781.119 0 1 0 0
2           1781.429 0 0 0 1
3           1781.542 0 0 0 0
1           1790.913 0 1 0 0
2           1791.163 0 0 0 1
3           1791.343 0 0 0 0
1           1791.625 0 1 0 0
1           1791.783 1 1 0 0
2           1791.967 0 1 0 1
2           1792.002 0 0 1 1
3           1793.175 0 0 0 1
3           1793.291 0 0 0 0
1           1805.606 0 1 0 0
2           1805.833 0 0 0 1
3           1806.094 0 0 0 0
1           1823.319 0 1 0 0
2           1823.347 0 0 0 1
3           1823.500 0 0 0 0
1           1823.599 0 1 0 0
2           1823.789 0 0 0 1
3           1824.113 0 0 0 0
1           1825.914 0 1 0 0
2           1826.141 0 0 0 1
1           1826.267 0 1 0 1
3           1826.493 0 1 0 0
2           1827.115 0 0 0 1
3           1827.898 0 0 0 0
1           1835.497 0 1 0 0
2           1835.651 0 0 0 1
3           1835.817 0 0 0 0
1           1837.981 0 1 0 0
2           1838.011 0 0 0 1
3           1838.049 0 0 0 0
1           1844.019 0 1 0 0
2           1844.037 0 0 0 1
3           1844.742 0 0 0 0
1           1846.954 0 1 0 0
2           1847.230 0 0 0 1
3           1847.606 0 0 0 0
1           1859.851 0 1 0 0
2           1859.978 0 0 0 1
1           1860.154 0 1 0 1
2           1860.196 0 0 1 1
3           1860.787 0 0 0 1
3           1860.834 0 0 0 0
1           1864.819 0 1 0 0
2           1865.079 0 0 0 1
3           1865.119 0 0 0 0
1           1869.895 0 1 0 0
2           1870.058 0 0 0 1
3           1870.134 0 0 0 0
1           1871.243 0 1 0 0
2           1871.290 0 0 0 1
3           1871.400 0 0 0 0
1           1872.546 0 1 0 0
2           1872.793 0 0 0 1
3           1872.888 0 0 0 0
1           1876.707 0 1 0 0
2           1876.881 0 0 0 1
3           1877.076 0 0 0 0
1           1879.570 0 1 0 0
2           1879.776 0 0 0 1
3           1880.153 0 0 0 0
1           1881.962 0 1 0 0
2           1882.011 0 0 0 1
3           1882.128 0 0 0 0
1           1884.625 0 1 0 0
2           1884.769 0 0 0 1
3           1885.123 0 0 0 0
1           1892.031 0 1 0 0
2           1892.175 0 0 0 1
3           1892.552 0 0 0 0
1           1893.954 0 1 0 0
2           1893.971 0 0 0 1
3           1894.034 0 0 0 0
1           1895.728 0 1 0 0
2           1895.758 0 0 0 1
3           1896.274 0 0 0 0
1           1899.463 0 1 0 0
2           1899.763 0 0 0 1
3           1900.108 0 0 0 0
1           1918.302 0 1 0 0
2           1918.345 0 0 0 1
3           1918.360 0 0 0 0
1           1924.415 0 1 0 0
2           1924.589 0 0 0 1
3           1924.692 0 0 0 0
1           1928.280 0 1 0 0
2           1928.348 0 0 0 1
3           1928.367 0 0 0 0
1           1932.476 0 1 0 0
2           1932.519 0 0 0 1
3           1932.583 0 0 0 0
1           1933.989 0 1 0 0
2           1934.056 0 0 0 1
3           1934.362 0 0 0 0
1           1937.155 0 1 0 0
2           1937.204 0 0 0 1
3           1937.256 0 0 0 0
1           1938.264 0 1 0 0
2           1938.264 0 0 0 1
3           1938.621 0 0 0 0
1           1940.049 0 1 0 0
1           1940.100 1 1 0 0
1           1940.208 2 1 0 0
2           1940.615 1 1 0 1
3           1940.700 1 1 0 0
2           1940.708 0 1 0 1
1           1940.763 1 1 0 1
3           1941.189 1 1 0 0
2           1941.267 0 1 0 1
2           1941.332 0 0 1 1
1           1941.548 0 1 1 1
2           1941.564 0 0 2 1
3           1941.708 0 0 1 1
3           1941.720 0 0 0 1
3           1942.601 0 0 0 0
1           1943.928 0 1 0 0
2           1943.941 0 0 0 1
3           1944.253 0 0 0 0
1           1944.756 0 1 0 0
2           1944.933 0 0 0 1
3           1945.102 0 0 0 0
1           1949.422 0 1 0 0
2           1950.048 0 0 0 1
3           1950.268 0 0 0 0
1           1952.271 0 1 0 0
2           1952.290 0 0 0 1
3           1952.467 0 0 0 0
1           1952.717 0 1 0 0
2           1952.720 0 0 0 1
3           1952.827 0 0 0 0
1           1956.459 0 1 0 0
2           1956.635 0 0 0 1
3           1957.367 0 0 0 0
1           1957.842 0 1 0 0
2           1957.935 0 0 0 1
3           1957.993 0 0 0 0
1           1963.700 0 1 0 0
2           1963.746 0 0 0 1
3           1965.354 0 0 0 0
1           1973.026 0 1 0 0
2           1973.117 0 0 0 1
1           1973.172 0 1 0 1
2           1973.324 0 0 1 1
3           1973.369 0 0 0 1
3           1973.696 0 0 0 0
1           1978.091 0 1 0 0
2           1978.433 0 0 0 1
1           1978.610 0 1 0 1
2           1978.714 0 0 1 1
3           1979.139 0 0 0 1
3           1979.164 0 0 0 0
1           1984.187 0 1 0 0
2           1984.394 0 0 0 1
3           1984.916 0 0 0 0
1           1997.741 0 1 0 0
2           1997.923 0 0 0 1
3           1998.004 0 0 0 0
1           1999.039 0 1 0 0
2           1999.088 0 0 0 1
3           1999.221 0 0 0 0
1           2002.351 0 1 0 0
2           2002.412 0 0 0 1
3           2002.594 0 0 0 0
1           2030.986 0 1 0 0
2           2031.483 0 0 0 1
3           2031.798 0 0 0 0
1           2032.772 0 1 0 0
2           2033.281 0 0 0 1
3           2033.810 0 0 0 0
1           2035.416 0 1 0 0
2           2035.526 0 0 0 1
3           2036.072 0 0 0 0
1           2039.010 0 1 0 0
2           2039.357 0 0 0 1
3           2039.364 0 0 0 0
1           2039.916 0 1 0 0
2           2039.948 0 0 0 1
3           2040.076 0 0 0 0
1           2040.225 0 1 0 0
2           2040.303 0 0 0 1
3           2040.547 0 0 0 0
1           2042.843 0 1 0 0
2           2043.154 0 0 0 1
3           2043.251 0 0 0 0
1           2056.692 0 1 0 0
2           2056.765 0 0 0 1
3           2057.725 0 0 0 0
1           2060.280 0 1 0 0
2           2060.331 0 0 0 1
3           2060.627 0 0 0 0
1           2071.635 0 1 0 0
2           2071.715 0 0 0 1
3           2071.967 0 0 0 0
1           2073.819 0 1 0 0
2           2073.835 0 0 0 1
3           2074.902 0 0 0 0
1           2076.139 0 1 0 0
2           2076.238 0 0 0 1
3           2076.771 0 0 0 0
1           2084.224 0 1 0 0
2           2084.266 0 0 0 1
3           2084.543 0 0 0 0
1           2085.638 0 1 0 0
2           2085.742 0 0 0 1
3           2086.054 0 0 0 0
1           2090.867 0 1 0 0
2           2091.639 0 0 0 1
3           2091.852 0 0 0 0
1           2119.297 0 1 0 0
2           2119.326 0 0 0 1
3           2119.872 0 0 0 0
1           2122.557 0 1 0 0
2           2122.632 0 0 0 1
3           2123.584 0 0 0 0
1           2124.762 0 1 0 0
2           2125.044 0 0 0 1
3           2125.377 0 0 0 0
1           2132.260 0 1 0 0
1           2132.320 1 1 0 0
2           2132.435 0 1 0 1
2           2132.560 0 0 1 1
3           2132.694 0 0 0 1
3           2132.696 0 0 0 0
1           2149.713 0 1 0 0
2           2149.800 0 0 0 1
3           2150.101 0 0 0 0
1           2160.241 0 1 0 0
2           2160.289 0 0 0 1
3           2160.663 0 0 0 0
1           2161.494 0 1 0 0
2           2161.824 0 0 0 1
3           2162.000 0 0 0 0
1           2171.508 0 1 0 0
2           2171.742 0 0 0 1
1           2171.825 0 1 0 1
3           2171.874 0 1 0 0
1           2171.911 1 1 0 0
2           2172.084 0 1 0 1
2           2172.085 0 0 1 1
3           2172.096 0 0 0 1
3           2172.317 0 0 0 0
1           2175.737 0 1 0 0
2           2175.873 0 0 0 1
3           2175.959 0 0 0 0
1           2185.607 0 1 0 0
2           2185.996 0 0 0 1
3           2186.182 0 0 0 0
1           2188.506 0 1 0 0
2           2188.552 0 0 0 1
3           2188.912 0 0 0 0
1           2190.993 0 1 0 0
2           2191.049 0 0 0 1
3           2191.156 0 0 0 0
1           2193.009 0 1 0 0
2           2193.048 0 0 0 1
3           2193.083 0 0 0 0
1           2209.144 0 1 0 0
2           2209.854 0 0 0 1
3           2209.859 0 0 0 0
1           2213.028 0 1 0 0
2           2213.100 0 0 0 1
3           2213.636 0 0 0 0
1           2214.734 0 1 0 0
2           2214.884 0 0 0 1
1           2215.175 0 1 0 1
2           2215.312 0 0 1 1
3           2215.367 0 0 0 1
3           2215.467 0 0 0 0
1           2232.091 0 1 0 0
2           2232.134 0 0 0 1
3           2232.259 0 0 0 0
1           2238.037 0 1 0 0
2           2238.187 0 0 0 1
3           2238.213 0 0 0 0
1           2240.722 0 1 0 0
2           2240.740 0 0 0 1
3           2240.838 0 0 0 0
1           2240.894 0 1 0 0
2           2240.906 0 0 0 1
3           2240.997 0 0 0 0
1           2242.481 0 1 0 0
2           2242.505 0 0 0 1
3           2242.951 0 0 0 0
1           2248.311 0 1 0 0
2           2248.404 0 0 0 1
3           2248.423 0 0 0 0
1           2249.521 0 1 0 0
2           2249.569 0 0 0 1
3           2250.008 0 0 0 0
1           2252.812 0 1 0 0
2           2252.956 0 0 0 1
3           2252.958 0 0 0 0
1           2254.466 0 1 0 0
2           2254.727 0 0 0 1
3           2255.158 0 0 0 0
1           2256.659 0 1 0 0
2           2256.818 0 0 0 1
3           2256.912 0 0 0 0
1           2267.508 0 1 0 0
2           2267.511 0 0 0 1
3           2267.712 0 0 0 0
1           2276.944 0 1 0 0
2           2276.996 0 0 0 1
3           2277.037 0 0 0 0
1           2277.364 0 1 0 0
2           2277.452 0 0 0 1
3           2277.543 0 0 0 0
1           2281.131 0 1 0 0
2           2281.167 0 0 0 1
3           2281.378 0 0 0 0
1           2282.837 0 1 0 0
2           2282.936 0 0 0 1
3           2282.953 0 0 0 0
1           2285.801 0 1 0 0
2           2286.117 0 0 0 1
3           2286.316 0 0 0 0
1           2287.914 0 1 0 0
2           2288.271 0 0 0 1
3           2288.374 0 0 0 0
1           2293.937 0 1 0 0
2           2294.002 0 0 0 1
3           2294.053 0 0 0 0
1           2295.506 0 1 0 0
2           2296.100 0 0 0 1
3           2296.143 0 0 0 0
1           2298.916 0 1 0 0
2           2299.028 0 0 0 1
3           2299.097 0 0 0 0
1           2302.727 0 1 0 0
2           2302.884 0 0 0 1
3           2303.451 0 0 0 0
1           2307.744 0 1 0 0
2           2307.801 0 0 0 1
3           2308.620 0 0 0 0
1           2309.004 0 1 0 0
2           2309.308 0 0 0 1
3           2309.657 0 0 0 0
1           2310.027 0 1 0 0
2           2310.057 0 0 0 1
3           2310.197 0 0 0 0
1           2311.220 0 1 0 0
2           2311.225 0 0 0 1
3           2311.672 0 0 0 0
1           2314.083 0 1 0 0
2           2314.173 0 0 0 1
3           2314.314 0 0 0 0
1           2315.461 0 1 0 0
2           2315.599 0 0 0 1
3           2316.116 0 0 0 0
1           2318.669 0 1 0 0
2           2318.674 0 0 0 1
3           2319.144 0 0 0 0
1           2322.899 0 1 0 0
2           2323.399 0 0 0 1
3           2323.404 0 0 0 0
1           2326.032 0 1 0 0
2           2326.430 0 0 0 1
3           2326.578 0 0 0 0
1           2327.237 0 1 0 0
2           2327.335 0 0 0 1
3           2327.378 0 0 0 0
1           2327.476 0 1 0 0
2           2327.891 0 0 0 1
3           2328.446 0 0 0 0
1           2328.650 0 1 0 0
2           2328.787 0 0 0 1
3           2329.571 0 0 0 0
1           2341.461 0 1 0 0
2           2341.499 0 0 0 1
3           2341.584 0 0 0 0
1           2342.449 0 1 0 0
2           2342.468 0 0 0 1
3           2342.487 0 0 0 0
1           2344.198 0 1 0 0
2           2344.388 0 0 0 1
3           2344.607 0 0 0 0
1           2344.890 0 1 0 0
2           2344.959 0 0 0 1
3           2345.041 0 0 0 0
1           2345.457 0 1 0 0
2           2345.470 0 0 0 1
3           2345.556 0 0 0 0
1           2350.066 0 1 0 0
2           2350.431 0 0 0 1
3           2350.661 0 0 0 0
1           2351.771 0 1 0 0
2           2351.990 0 0 0 1
3           2352.156 0 0 0 0
1           2353.643 0 1 0 0
2           2353.950 0 0 0 1
3           2354.183 0 0 0 0
1           2357.143 0 1 0 0
2           2357.270 0 0 0 1
3           2357.303 0 0 0 0
1           2359.399 0 1 0 0
2           2359.565 0 0 0 1
3           2359.947 0 0 0 0
1           2362.405 0 1 0 0
2           2362.551 0 0 0 1
3           2363.201 0 0 0 0
1           2376.068 0 1 0 0
2           2376.644 0 0 0 1
3           2377.956 0 0 0 0
1           2390.038 0 1 0 0
2           2390.223 0 0 0 1
3           2390.384 0 0 0 0
1           2405.523 0 1 0 0
2           2405.592 0 0 0 1
3           2406.043 0 0 0 0
1           2413.582 0 1 0 0
2           2413.628 0 0 0 1
3           2413.679 0 0 0 0
1           2435.428 0 1 0 0
2           2435.573 0 0 0 1
3           2435.742 0 0 0 0
1           2435.986 0 1 0 0
2           2436.014 0 0 0 1
3           2436.121 0 0 0 0
1           2441.477 0 1 0 0
2           2443.262 0 0 0 1
3           2443.700 0 0 0 0
1           2449.978 0 1 0 0
2           2450.105 0 0 0 1
3           2450.323 0 0 0 0
1           2450.699 0 1 0 0
2           2450.790 0 0 0 1
3           2451.151 0 0 0 0
1           2453.824 0 1 0 0
2           2454.054 0 0 0 1
3           2454.128 0 0 0 0
1           2462.157 0 1 0 0
2           2462.283 0 0 0 1
3           2463.002 0 0 0 0
1           2466.995 0 1 0 0
2           2467.099 0 0 0 1
3           2467.190 0 0 0 0
1           2467.925 0 1 0 0
2           2467.992 0 0 0 1
3           2468.087 0 0 0 0
1           2470.622 0 1 0 0
2           2470.788 0 0 0 1
3           2470.875 0 0 0 0
1           2483.429 0 1 0 0
2           2483.487 0 0 0 1
3           2483.502 0 0 0 0
1           2484.166 0 1 0 0
2           2484.242 0 0 0 1
3           2485.239 0 0 0 0
1           2490.890 0 1 0 0
2           2491.378 0 0 0 1
3           2491.783 0 0 0 0
1           2495.269 0 1 0 0
1           2495.600 1 1 0 0
2           2495.642 0 1 0 1
2           2495.651 0 0 1 1
3           2495.791 0 0 0 1
3           2496.119 0 0 0 0
1           2509.197 0 1 0 0
2           2509.287 0 0 0 1
3           2509.384 0 0 0 0
1           2517.747 0 1 0 0
2           2517.767 0 0 0 1
3           2517.829 0 0 0 0
1           2519.778 0 1 0 0
2           2519.969 0 0 0 1
3           2520.024 0 0 0 0
1           2520.206 0 1 0 0
2           2520.311 0 0 0 1
3           2520.418 0 0 0 0
1           2542.128 0 1 0 0
2           2542.278 0 0 0 1
3           2543.224 0 0 0 0
1           2546.197 0 1 0 0
2           2546.435 0 0 0 1
3           2546.747 0 0 0 0
1           2553.933 0 1 0 0
2           2553.949 0 0 0 1
3           2555.223 0 0 0 0
1           2574.535 0 1 0 0
2           2574.690 0 0 0 1
3           2574.806 0 0 0 0
1           2575.169 0 1 0 0
2           2575.365 0 0 0 1
3           2575.896 0 0 0 0
1           2578.226 0 1 0 0
1           2578.244 1 1 0 0
2           2578.364 0 1 0 1
2           2578.612 0 0 1 1
3           2579.217 0 0 0 1
3           2579.975 0 0 0 0
1           2591.754 0 1 0 0
2           2591.765 0 0 0 1
3           2591.891 0 0 0 0
1           2600.297 0 1 0 0
2           2600.618 0 0 0 1
3           2600.792 0 0 0 0
1           2603.021 0 1 0 0
2           2603.339 0 0 0 1
3           2603.369 0 0 0 0
1           2627.600 0 1 0 0
2           2627.933 0 0 0 1
3           2628.257 0 0 0 0
1           2630.222 0 1 0 0
2           2630.305 0 0 0 1
3           2630.376 0 0 0 0
1           2630.947 0 1 0 0
2           2631.037 0 0 0 1
3           2631.172 0 0 0 0
1           2634.203 0 1 0 0
2           2635.132 0 0 0 1
3           2636.538 0 0 0 0
1           2639.127 0 1 0 0
2           2639.353 0 0 0 1
3           2639.565 0 0 0 0
1           2641.325 0 1 0 0
2           2641.806 0 0 0 1
3           2641.897 0 0 0 0
1           2646.275 0 1 0 0
1           2646.959 1 1 0 0
2           2647.068 0 1 0 1
3           2647.162 0 1 0 0
2           2647.197 0 0 0 1
1           2647.326 0 1 0 1
2           2647.376 0 0 1 1
3           2647.768 0 0 0 1
3           2648.192 0 0 0 0
1           2650.602 0 1 0 0
2           2650.658 0 0 0 1
3           2650.894 0 0 0 0
1           2659.361 0 1 0 0
1           2659.401 1 1 0 0
2           2659.412 0 1 0 1
3           2659.566 0 1 0 0
2           2659.757 0 0 0 1
3           2659.892 0 0 0 0
1           2660.699 0 1 0 0
2           2660.773 0 0 0 1
3           2661.667 0 0 0 0
1           2662.148 0 1 0 0
2           2662.579 0 0 0 1
3           2662.678 0 0 0 0
1           2671.615 0 1 0 0
2           2671.731 0 0 0 1
3           2671.799 0 0 0 0
1           2676.141 0 1 0 0
2           2676.387 0 0 0 1
3           2676.470 0 0 0 0
1           2677.320 0 1 0 0
2           2677.987 0 0 0 1
3           2678.449 0 0 0 0
1           2680.225 0 1 0 0
2           2680.390 0 0 0 1
1           2680.688 0 1 0 1
2           2680.688 0 0 1 1
3           2680.734 0 0 0 1
3           2680.747 0 0 0 0
1           2680.820 0 1 0 0
2           2681.279 0 0 0 1
3           2681.636 0 0 0 0
1           2683.083 0 1 0 0
2           2683.147 0 0 0 1
3           2683.365 0 0 0 0
1           2688.820 0 1 0 0
2           2688.947 0 0 0 1
3           2689.436 0 0 0 0
1           2690.047 0 1 0 0
2           2690.169 0 0 0 1
3           2690.615 0 0 0 0
1           2693.715 0 1 0 0
2           2693.830 0 0 0 1
3           2694.499 0 0 0 0
1           2695.125 0 1 0 0
2           2695.523 0 0 0 1
3           2695.610 0 0 0 0
1           2700.212 0 1 0 0
1           2700.271 1 1 0 0
2           2700.456 0 1 0 1
2           2700.489 0 0 1 1
3           2700.627 0 0 0 1
3           2700.838 0 0 0 0
1           2703.988 0 1 0 0
2           2704.257 0 0 0 1
3           2704.860 0 0 0 0
1           2706.024 0 1 0 0
2           2706.258 0 0 0 1
3           2706.316 0 0 0 0
1           2718.862 0 1 0 0
2           2718.873 0 0 0 1
3           2718.899 0 0 0 0
1           2720.473 0 1 0 0
2           2720.751 0 0 0 1
3           2721.612 0 0 0 0
1           2723.595 0 1 0 0
2           2724.095 0 0 0 1
3           2724.770 0 0 0 0
1           2731.085 0 1 0 0
2           2731.335 0 0 0 1
3           2731.503 0 0 0 0
1           2732.049 0 1 0 0
1           2732.789 1 1 0 0
2           2732.831 0 1 0 1
2           2733.061 0 0 1 1
3           2733.285 0 0 0 1
3           2733.341 0 0 0 0
1           2751.401 0 1 0 0
2           2751.703 0 0 0 1
3           2751.796 0 0 0 0
1           2752.865 0 1 0 0
2           2753.390 0 0 0 1
3           2753.478 0 0 0 0
1           2759.904 0 1 0 0
2           2760.170 0 0 0 1
3           2760.527 0 0 0 0
1           2761.034 0 1 0 0
1           2761.166 1 1 0 0
2           2761.184 0 1 0 1
3           2761.217 0 1 0 0
2           2761.234 0 0 0 1
3           2761.237 0 0 0 0
1           2762.132 0 1 0 0
2           2762.241 0 0 0 1
3           2762.276 0 0 0 0
1           2767.953 0 1 0 0
2           2767.955 0 0 0 1
3           2768.237 0 0 0 0
1           2770.719 0 1 0 0
2           2770.991 0 0 0 1
3           2771.130 0 0 0 0
1           2778.427 0 1 0 0
2           2778.686 0 0 0 1
1           2778.725 0 1 0 1
2           2779.450 0 0 1 1
3           2780.374 0 0 0 1
3           2780.754 0 0 0 0
1           2782.638 0 1 0 0
2           2783.132 0 0 0 1
3           2783.368 0 0 0 0
1           2784.079 0 1 0 0
2           2784.097 0 0 0 1
3           2784.235 0 0 0 0
1           2786.797 0 1 0 0
2           2786.923 0 0 0 1
3           2787.368 0 0 0 0
1           2794.246 0 1 0 0
2           2794.272 0 0 0 1
3           2794.334 0 0 0 0
1           2794.650 0 1 0 0
2           2794.805 0 0 0 1
1           2796.013 0 1 0 1
2           2796.205 0 0 1 1
1           2796.524 0 1 1 1
3           2796.576 0 1 0 1
2           2796.609 0 0 1 1
3           2796.610 0 0 0 1
3           2796.927 0 0 0 0
1           2799.266 0 1 0 0
1           2799.689 1 1 0 0
2           2799.708 0 1 0 1
2           2799.759 0 0 1 1
3           2799.797 0 0 0 1
3           2801.117 0 0 0 0
1           2816.918 0 1 0 0
2           2816.975 0 0 0 1
3           2817.072 0 0 0 0
1           2818.535 0 1 0 0
2           2818.676 0 0 0 1
3           2819.589 0 0 0 0
1           2826.393 0 1 0 0
2           2827.210 0 0 0 1
1           2827.278 0 1 0 1
2           2827.346 0 0 1 1
3           2827.399 0 0 0 1
3           2827.733 0 0 0 0
1           2828.914 0 1 0 0
2           2829.084 0 0 0 1
3           2829.503 0 0 0 0
1           2839.411 0 1 0 0
2           2839.657 0 0 0 1
3           2839.717 0 0 0 0
1           2843.779 0 1 0 0
2           2843.804 0 0 0 1
3           2844.251 0 0 0 0
1           2844.532 0 1 0 0
2           2844.631 0 0 0 1
3           2845.008 0 0 0 0
1           2846.442 0 1 0 0
2           2846.445 0 0 0 1
3           2846.481 0 0 0 0
1           2848.776 0 1 0 0
2           2849.222 0 0 0 1
3           2849.311 0 0 0 0
1           2851.623 0 1 0 0
2           2851.625 0 0 0 1
3           2851.701 0 0 0 0
1           2854.701 0 1 0 0
2           2854.724 0 0 0 1
3           2854.901 0 0 0 0
1           2855.244 0 1 0 0
1           2855.488 1 1 0 0
2           2855.702 0 1 0 1
3           2855.821 0 1 0 0
2           2855.899 0 0 0 1
3           2855.913 0 0 0 0
1           2855.946 0 1 0 0
2           2856.143 0 0 0 1
3           2856.438 0 0 0 0
1           2860.161 0 1 0 0
2           2860.286 0 0 0 1
3           2860.954 0 0 0 0
1           2865.273 0 1 0 0
2           2865.422 0 0 0 1
3           2865.462 0 0 0 0
1           2867.034 0 1 0 0
2           2867.049 0 0 0 1
3           2867.382 0 0 0 0
1           2872.563 0 1 0 0
2           2872.745 0 0 0 1
3           2873.125 0 0 0 0
1           2875.821 0 1 0 0
2           2876.124 0 0 0 1
3           2876.171 0 0 0 0
1           2877.724 0 1 0 0
2           2878.461 0 0 0 1
3           2879.391 0 0 0 0
1           2881.952 0 1 0 0
2           2882.168 0 0 0 1
3           2882.553 0 0 0 0
1           2888.176 0 1 0 0
2           2888.432 0 0 0 1
3           2888.448 0 0 0 0
1           2892.503 0 1 0 0
2           2892.637 0 0 0 1
3           2892.941 0 0 0 0
1           2899.762 0 1 0 0
2           2900.231 0 0 0 1
3           2900.791 0 0 0 0
1           2909.671 0 1 0 0
2           2909.867 0 0 0 1
3           2909.907 0 0 0 0
1           2922.036 0 1 0 0
2           2922.104 0 0 0 1
3           2922.321 0 0 0 0
1           2922.710 0 1 0 0
2           2923.039 0 0 0 1
3           2923.648 0 0 0 0
1           2928.601 0 1 0 0
2           2928.743 0 0 0 1
3           2929.128 0 0 0 0
1           2937.183 0 1 0 0
2           2937.298 0 0 0 1
3           2937.555 0 0 0 0
1           2941.877 0 1 0 0
2           2942.038 0 0 0 1
3           2942.363 0 0 0 0
1           2943.058 0 1 0 0
2           2943.426 0 0 0 1
3           2943.732 0 0 0 0
1           2946.520 0 1 0 0
2           2946.602 0 0 0 1
3           2946.607 0 0 0 0
1           2948.882 0 1 0 0
2           2948.960 0 0 0 1
3           2949.167 0 0 0 0
1           2951.155 0 1 0 0
2           2952.456 0 0 0 1
3           2953.082 0 0 0 0
1           2956.844 0 1 0 0
2           2957.574 0 0 0 1
3           2957.581 0 0 0 0
1           2961.447 0 1 0 0
2           2961.498 0 0 0 1
3           2962.130 0 0 0 0
1           2966.885 0 1 0 0
2           2966.993 0 0 0 1
3           2967.441 0 0 0 0
1           2968.061 0 1 0 0
2           2968.102 0 0 0 1
3           2968.406 0 0 0 0
1           2979.722 0 1 0 0
2           2979.759 0 0 0 1
3           2979.907 0 0 0 0
1           2986.035 0 1 0 0
2           2986.186 0 0 0 1
3           2986.313 0 0 0 0
1           2992.472 0 1 0 0
2           2992.903 0 0 0 1
3           2992.976 0 0 0 0
1           2993.514 0 1 0 0
1           2993.658 1 1 0 0
2           2993.668 0 1 0 1
2           2993.689 0 0 1 1
3           2993.755 0 0 0 1
3           2993.850 0 0 0 0
1           2994.328 0 1 0 0
2           2994.427 0 0 0 1
3           2994.494 0 0 0 0
1           2995.299 0 1 0 0
2           2995.619 0 0 0 1
3           2996.449 0 0 0 0
1           2996.694 0 1 0 0
2           2997.631 0 0 0 1
3           2998.366 0 0 0 0
1           3000.048 0 1 0 0
2           3000.186 0 0 0 1
3           3000.388 0 0 0 0
1           3001.574 0 1 0 0
2           3001.718 0 0 0 1
3           3002.086 0 0 0 0
1           3007.189 0 1 0 0
2           3007.694 0 0 0 1
3           3007.727 0 0 0 0
1           3008.342 0 1 0 0
2           3008.476 0 0 0 1
3           3008.539 0 0 0 0
1           3011.244 0 1 0 0
1           3011.611 1 1 0 0
2           3012.207 0 1 0 1
2           3012.233 0 0 1 1
3           3012.793 0 0 0 1
3           3012.811 0 0 0 0
1           3019.078 0 1 0 0
2           3019.203 0 0 0 1
3           3019.419 0 0 0 0
1           3031.313 0 1 0 0
2           3031.394 0 0 0 1
3           3031.663 0 0 0 0
1           3032.730 0 1 0 0
2           3032.742 0 0 0 1
3           3033.067 0 0 0 0
1           3039.622 0 1 0 0
1           3039.956 1 1 0 0
2           3040.006 0 1 0 1
2           3040.042 0 0 1 1
3           3040.234 0 0 0 1
3           3040.259 0 0 0 0
1           3042.675 0 1 0 0
2           3042.713 0 0 0 1
1           3043.241 0 1 0 1
3           3043.328 0 1 0 0
2           3043.647 0 0 0 1
3           3044.271 0 0 0 0
1           3046.607 0 1 0 0
2           3047.868 0 0 0 1
3           3047.968 0 0 0 0
1           3048.137 0 1 0 0
1           3048.190 1 1 0 0
2           3048.236 0 1 0 1
2           3048.239 0 0 1 1
1           3048.623 0 1 1 1
3           3048.755 0 1 0 1
2           3049.023 0 0 1 1
3           3049.048 0 0 0 1
3           3049.335 0 0 0 0
1           3057.834 0 1 0 0
2           3058.325 0 0 0 1
3           3058.416 0 0 0 0
1           3059.614 0 1 0 0
2           3059.631 0 0 0 1
3           3059.693 0 0 0 0
1           3062.696 0 1 0 0
2           3062.710 0 0 0 1
3           3062.916 0 0 0 0
1           3063.184 0 1 0 0
2           3063.258 0 0 0 1
3           3063.465 0 0 0 0
1           3066.392 0 1 0 0
2           3066.595 0 0 0 1
3           3066.606 0 0 0 0
1           3084.157 0 1 0 0
2           3084.167 0 0 0 1
3           3084.173 0 0 0 0
1           3084.747 0 1 0 0
2           3085.198 0 0 0 1
3           3085.274 0 0 0 0
1           3093.108 0 1 0 0
2           3093.231 0 0 0 1
1           3093.488 0 1 0 1
2           3093.496 0 0 1 1
3           3093.860 0 0 0 1
3           3094.343 0 0 0 0
1           3099.139 0 1 0 0
2           3099.245 0 0 0 1
3           3099.921 0 0 0 0
1           3101.539 0 1 0 0
2           3101.711 0 0 0 1
3           3102.107 0 0 0 0
1           3115.008 0 1 0 0
2           3115.308 0 0 0 1
3           3115.315 0 0 0 0
1           3127.324 0 1 0 0
2           3127.714 0 0 0 1
3           3127.746 0 0 0 0
1           3131.798 0 1 0 0
1           3131.857 1 1 0 0
2           3132.069 0 1 0 1
3           3132.092 0 1 0 0
2           3132.713 0 0 0 1
3           3132.781 0 0 0 0
1           3138.613 0 1 0 0
2           3139.442 0 0 0 1
1           3139.652 0 1 0 1
3           3139.669 0 1 0 0
2           3139.716 0 0 0 1
3           3139.819 0 0 0 0
1           3141.648 0 1 0 0
2           3141.699 0 0 0 1
3           3141.751 0 0 0 0
1           3142.046 0 1 0 0
2           3142.227 0 0 0 1
3           3142.403 0 0 0 0
1           3145.150 0 1 0 0
2           3145.396 0 0 0 1
3           3145.517 0 0 0 0
1           3146.527 0 1 0 0
2           3146.578 0 0 0 1
3           3146.592 0 0 0 0
1           3157.037 0 1 0 0
2           3157.598 0 0 0 1
1           3157.757 0 1 0 1
2           3157.826 0 0 1 1
3           3158.131 0 0 0 1
3           3158.475 0 0 0 0
1           3169.958 0 1 0 0
2           3170.042 0 0 0 1
1           3170.370 0 1 0 1
3           3170.479 0 1 0 0
2           3170.780 0 0 0 1
3           3170.815 0 0 0 0
1           3172.287 0 1 0 0
2           3172.749 0 0 0 1
3           3173.014 0 0 0 0
1           3173.926 0 1 0 0
2           3174.124 0 0 0 1
3           3174.213 0 0 0 0
1           3179.212 0 1 0 0
2           3179.510 0 0 0 1
3           3180.353 0 0 0 0
1           3180.475 0 1 0 0
2           3180.577 0 0 0 1
3           3180.582 0 0 0 0
1           3181.363 0 1 0 0
2           3181.449 0 0 0 1
3           3181.527 0 0 0 0
1           3183.445 0 1 0 0
2           3183.472 0 0 0 1
3           3183.920 0 0 0 0
1           3190.551 0 1 0 0
2           3191.272 0 0 0 1
3           3191.590 0 0 0 0
1           3193.728 0 1 0 0
2           3193.877 0 0 0 1
3           3193.996 0 0 0 0
1           3199.528 0 1 0 0
1           3199.781 1 1 0 0
2           3199.873 0 1 0 1
2           3200.153 0 0 1 1
3           3200.180 0 0 0 1
3           3200.259 0 0 0 0
1           3201.581 0 1 0 0
2           3201.647 0 0 0 1
3           3202.606 0 0 0 0
1           3203.290 0 1 0 0
2           3203.418 0 0 0 1
3           3204.015 0 0 0 0
1           3208.604 0 1 0 0
2           3208.751 0 0 0 1
3           3209.099 0 0 0 0
1           3217.736 0 1 0 0
2           3218.080 0 0 0 1
3           3218.210 0 0 0 0
1           3218.292 0 1 0 0
2           3218.310 0 0 0 1
3           3218.415 0 0 0 0
1           3220.706 0 1 0 0
2           3220.708 0 0 0 1
3           3221.067 0 0 0 0
1           3226.966 0 1 0 0
2           3227.721 0 0 0 1
3           3227.849 0 0 0 0
1           3234.516 0 1 0 0
2           3234.936 0 0 0 1
3           3235.014 0 0 0 0
1           3236.788 0 1 0 0
2           3236.877 0 0 0 1
3           3236.935 0 0 0 0
1           3239.596 0 1 0 0
2           3239.648 0 0 0 1
3           3239.709 0 0 0 0
1           3241.104 0 1 0 0
2           3241.241 0 0 0 1
3           3241.355 0 0 0 0
1           3247.386 0 1 0 0
1           3247.541 1 1 0 0
2           3247.657 0 1 0 1
2           3247.702 0 0 1 1
3           3247.710 0 0 0 1
3           3247.928 0 0 0 0
1           3254.214 0 1 0 0
2           3254.435 0 0 0 1
3           3254.457 0 0 0 0
1           3258.222 0 1 0 0
2           3258.249 0 0 0 1
3           3258.858 0 0 0 0
1           3259.112 0 1 0 0
2           3259.339 0 0 0 1
3           3259.687 0 0 0 0
1           3271.284 0 1 0 0
2           3271.398 0 0 0 1
3           3271.484 0 0 0 0
1           3271.646 0 1 0 0
2           3271.835 0 0 0 1
3           3272.186 0 0 0 0
1           3273.289 0 1 0 0
2           3273.552 0 0 0 1
3           3274.006 0 0 0 0
1           3281.726 0 1 0 0
2           3281.787 0 0 0 1
3           3281.820 0 0 0 0
1           3290.127 0 1 0 0
2           3290.204 0 0 0 1
3           3290.559 0 0 0 0
1           3293.491 0 1 0 0
2           3293.730 0 0 0 1
3           3294.367 0 0 0 0
1           3303.157 0 1 0 0
2           3303.427 0 0 0 1
3           3303.514 0 0 0 0
1           3308.658 0 1 0 0
2           3308.813 0 0 0 1
3           3308.834 0 0 0 0
1           3311.712 0 1 0 0
2           3311.887 0 0 0 1
3           3312.570 0 0 0 0
1           3316.786 0 1 0 0
2           3316.803 0 0 0 1
3           3317.012 0 0 0 0
1           3318.040 0 1 0 0
2           3318.176 0 0 0 1
3           3318.356 0 0 0 0
1           3318.936 0 1 0 0
2           3319.272 0 0 0 1
3           3319.338 0 0 0 0
1           3320.663 0 1 0 0
2           3320.665 0 0 0 1
1           3320.715 0 1 0 1
2           3320.717 0 0 1 1
3           3320.734 0 0 0 1
3           3320.823 0 0 0 0
1           3329.447 0 1 0 0
2           3329.850 0 0 0 1
3           3330.074 0 0 0 0
1           3341.234 0 1 0 0
2           3341.634 0 0 0 1
3           3341.898 0 0 0 0
1           3347.679 0 1 0 0
2           3347.722 0 0 0 1
3           3347.883 0 0 0 0
1           3349.469 0 1 0 0
2           3349.575 0 0 0 1
3           3349.702 0 0 0 0
1           3350.939 0 1 0 0
2           3351.623 0 0 0 1
3           3351.770 0 0 0 0
1           3365.159 0 1 0 0
2           3365.255 0 0 0 1
3           3365.533 0 0 0 0
1           3370.034 0 1 0 0
2           3370.094 0 0 0 1
3           3370.356 0 0 0 0
1           3377.613 0 1 0 0
2           3377.634 0 0 0 1
3           3377.657 0 0 0 0
1           3401.145 0 1 0 0
2           3401.560 0 0 0 1
3           3401.930 0 0 0 0
1           3404.130 0 1 0 0
2           3404.577 0 0 0 1
3           3404.799 0 0 0 0
1           3414.360 0 1 0 0
2           3414.502 0 0 0 1
3           3415.153 0 0 0 0
1           3422.561 0 1 0 0
2           3422.630 0 0 0 1
3           3422.946 0 0 0 0
1           3428.309 0 1 0 0
2           3428.423 0 0 0 1
3           3428.690 0 0 0 0
1           3464.302 0 1 0 0
2           3464.390 0 0 0 1
3           3464.963 0 0 0 0
1           3470.917 0 1 0 0
2           3470.925 0 0 0 1
3           3471.430 0 0 0 0
1           3472.449 0 1 0 0
2           3472.495 0 0 0 1
3           3472.587 0 0 0 0
1           3477.663 0 1 0 0
2           3477.788 0 0 0 1
3           3477.874 0 0 0 0
1           3480.712 0 1 0 0
2           3480.912 0 0 0 1
3           3481.062 0 0 0 0
1           3481.653 0 1 0 0
2           3481.661 0 0 0 1
3           3482.171 0 0 0 0
1           3496.953 0 1 0 0
1           3497.021 1 1 0 0
2           3497.369 0 1 0 1
3           3497.439 0 1 0 0
2           3497.643 0 0 0 1
3           3498.025 0 0 0 0
1           3508.726 0 1 0 0
2           3508.841 0 0 0 1
3           3508.869 0 0 0 0
1           3509.523 0 1 0 0
2           3509.732 0 0 0 1
3           3510.146 0 0 0 0
1           3524.683 0 1 0 0
2           3525.008 0 0 0 1
3           3525.362 0 0 0 0
1           3534.732 0 1 0 0
2           3534.896 0 0 0 1
3           3535.519 0 0 0 0
1           3536.879 0 1 0 0
2           3536.984 0 0 0 1
3           3537.156 0 0 0 0
1           3539.038 0 1 0 0
2           3539.273 0 0 0 1
3           3539.695 0 0 0 0
1           3539.924 0 1 0 0
2           3540.120 0 0 0 1
3           3540.298 0 0 0 0
1           3547.078 0 1 0 0
2           3547.111 0 0 0 1
3           3547.209 0 0 0 0
1           3555.157 0 1 0 0
2           3555.484 0 0 0 1
3           3555.665 0 0 0 0
1           3558.027 0 1 0 0
2           3558.935 0 0 0 1
3           3559.597 0 0 0 0
1           3562.765 0 1 0 0
2           3562.816 0 0 0 1
3           3562.953 0 0 0 0
1           3568.151 0 1 0 0
2           3568.249 0 0 0 1
3           3568.264 0 0 0 0
1           3570.037 0 1 0 0
2           3570.584 0 0 0 1
3           3571.222 0 0 0 0
1           3572.171 0 1 0 0
2           3572.263 0 0 0 1
3           3572.403 0 0 0 0
1           3573.231 0 1 0 0
2           3573.349 0 0 0 1
3           3573.385 0 0 0 0
1           3575.903 0 1 0 0
2           3575.963 0 0 0 1
3           3575.998 0 0 0 0
1           3579.325 0 1 0 0
2           3579.360 0 0 0 1
3           3579.366 0 0 0 0
1           3588.558 0 1 0 0
2           3588.796 0 0 0 1
3           3589.092 0 0 0 0
1           3594.521 0 1 0 0
2           3594.755 0 0 0 1
3           3594.783 0 0 0 0
1           3596.381 0 1 0 0
2           3596.672 0 0 0 1
3           3596.861 0 0 0 0
1           3597.059 0 1 0 0
2           3597.170 0 0 0 1
3           3597.371 0 0 0 0
1           3602.623 0 1 0 0
2           3603.055 0 0 0 1
3           3603.154 0 0 0 0
1           3607.197 0 1 0 0
2           3607.516 0 0 0 1
3           3607.791 0 0 0 0
1           3612.548 0 1 0 0
2           3612.592 0 0 0 1
3           3613.064 0 0 0 0
1           3620.474 0 1 0 0
2           3620.502 0 0 0 1
3           3620.558 0 0 0 0
1           3629.396 0 1 0 0
2           3629.539 0 0 0 1
3           3629.815 0 0 0 0
1           3639.603 0 1 0 0
2           3639.861 0 0 0 1
3           3640.560 0 0 0 0
1           3642.586 0 1 0 0
2           3642.603 0 0 0 1
3           3643.895 0 0 0 0
1           3644.292 0 1 0 0
2           3644.574 0 0 0 1
3           3644.960 0 0 0 0
1           3649.257 0 1 0 0
2           3649.663 0 0 0 1
3           3649.825 0 0 0 0
1           3657.548 0 1 0 0
2           3658.310 0 0 0 1
3           3658.754 0 0 0 0
1           3667.071 0 1 0 0
2           3668.271 0 0 0 1
3           3668.396 0 0 0 0
1           3674.458 0 1 0 0
2           3674.631 0 0 0 1
3           3674.838 0 0 0 0
1           3678.063 0 1 0 0
2           3678.464 0 0 0 1
3           3678.483 0 0 0 0
1           3679.785 0 1 0 0
2           3680.263 0 0 0 1
3           3680.299 0 0 0 0
1           3688.119 0 1 0 0
2           3688.325 0 0 0 1
3           3688.412 0 0 0 0
1           3691.579 0 1 0 0
2           3692.131 0 0 0 1
3           3692.250 0 0 0 0
1           3701.336 0 1 0 0
2           3701.369 0 0 0 1
3           3701.611 0 0 0 0
1           3714.546 0 1 0 0
2           3714.665 0 0 0 1
3           3714.711 0 0 0 0
1           3716.286 0 1 0 0
2           3716.320 0 0 0 1
3           3716.628 0 0 0 0
1           3722.361 0 1 0 0
2           3722.383 0 0 0 1
3           3722.517 0 0 0 0
1           3728.666 0 1 0 0
2           3728.667 0 0 0 1
3           3729.309 0 0 0 0
1           3736.505 0 1 0 0
2           3736.519 0 0 0 1
3           3737.298 0 0 0 0
1           3737.624 0 1 0 0
2           3737.656 0 0 0 1
3           3737.657 0 0 0 0
1           3747.180 0 1 0 0
2           3747.304 0 0 0 1
3           3747.394 0 0 0 0
1           3752.428 0 1 0 0
2           3752.693 0 0 0 1
3           3752.727 0 0 0 0
1           3753.335 0 1 0 0
2           3753.611 0 0 0 1
3           3753.703 0 0 0 0
1           3759.627 0 1 0 0
2           3760.225 0 0 0 1
3           3760.554 0 0 0 0
1           3763.626 0 1 0 0
2           3763.741 0 0 0 1
3           3764.823 0 0 0 0
1           3766.133 0 1 0 0
2           3766.313 0 0 0 1
3           3766.850 0 0 0 0
1           3768.100 0 1 0 0
2           3768.322 0 0 0 1
3           3769.040 0 0 0 0
1           3771.706 0 1 0 0
2           3772.253 0 0 0 1
3           3772.490 0 0 0 0
1           3799.476 0 1 0 0
2           3799.482 0 0 0 1
3           3799.502 0 0 0 0
1           3801.998 0 1 0 0
2           3802.107 0 0 0 1
3           3802.997 0 0 0 0
1           3808.588 0 1 0 0
2           3808.778 0 0 0 1
1           3809.018 0 1 0 1
2           3809.111 0 0 1 1
3           3809.324 0 0 0 1
3           3809.379 0 0 0 0
1           3809.532 0 1 0 0
2           3809.548 0 0 0 1
3           3809.933 0 0 0 0
1           3810.890 0 1 0 0
2           3810.976 0 0 0 1
3           3812.210 0 0 0 0
1           3818.344 0 1 0 0
2           3818.469 0 0 0 1
3           3818.734 0 0 0 0
1           3819.139 0 1 0 0
2           3819.339 0 0 0 1
3           3819.477 0 0 0 0
1           3821.702 0 1 0 0
2           3821.899 0 0 0 1
3           3821.970 0 0 0 0
1           3826.955 0 1 0 0
2           3827.418 0 0 0 1
3           3827.648 0 0 0 0
1           3833.658 0 1 0 0
2           3833.833 0 0 0 1
3           3833.982 0 0 0 0
1           3850.326 0 1 0 0
2           3850.362 0 0 0 1
3           3850.660 0 0 0 0
1           3855.754 0 1 0 0
2           3855.788 0 0 0 1
1           3856.323 0 1 0 1
3           3856.379 0 1 0 0
2           3856.469 0 0 0 1
3           3856.752 0 0 0 0
1           3888.052 0 1 0 0
2           3888.220 0 0 0 1
3           3888.598 0 0 0 0
1           3890.275 0 1 0 0
2           3890.307 0 0 0 1
3           3890.672 0 0 0 0
1           3894.734 0 1 0 0
2           3895.837 0 0 0 1
3           3895.947 0 0 0 0
1           3897.333 0 1 0 0
2           3897.347 0 0 0 1
3           3897.740 0 0 0 0
1           3899.391 0 1 0 0
2           3899.428 0 0 0 1
3           3899.721 0 0 0 0
1           3901.595 0 1 0 0
2           3902.062 0 0 0 1
3           3902.429 0 0 0 0
1           3907.245 0 1 0 0
1           3907.300 1 1 0 0
2           3907.935 0 1 0 1
2           3907.957 0 0 1 1
3           3908.086 0 0 0 1
3           3908.791 0 0 0 0
1           3909.991 0 1 0 0
2           3910.213 0 0 0 1
3           3910.443 0 0 0 0
1           3911.852 0 1 0 0
2           3912.098 0 0 0 1
3           3912.422 0 0 0 0
1           3916.212 0 1 0 0
2           3916.275 0 0 0 1
3           3916.884 0 0 0 0
1           3921.818 0 1 0 0
2           3921.851 0 0 0 1
3           3921.873 0 0 0 0
1           3925.260 0 1 0 0
2           3925.300 0 0 0 1
3           3925.344 0 0 0 0
1           3933.177 0 1 0 0
2           3933.328 0 0 0 1
3           3933.871 0 0 0 0
1           3934.197 0 1 0 0
2           3935.000 0 0 0 1
3           3935.887 0 0 0 0
1           3939.222 0 1 0 0
1           3939.362 1 1 0 0
2           3939.433 0 1 0 1
2           3939.611 0 0 1 1
3           3939.621 0 0 0 1
3           3939.634 0 0 0 0
1           3941.643 0 1 0 0
2           3941.807 0 0 0 1
3           3942.074 0 0 0 0
1           3944.073 0 1 0 0
2           3944.354 0 0 0 1
3           3944.699 0 0 0 0
1           3947.234 0 1 0 0
2           3947.502 0 0 0 1
3           3947.670 0 0 0 0
1           3950.069 0 1 0 0
2           3950.183 0 0 0 1
3           3950.207 0 0 0 0
1           3961.553 0 1 0 0
2           3961.769 0 0 0 1
1           3962.038 0 1 0 1
3           3962.044 0 1 0 0
2           3962.234 0 0 0 1
3           3962.564 0 0 0 0
1           3964.392 0 1 0 0
2           3964.616 0 0 0 1
3           3965.500 0 0 0 0
1           3982.787 0 1 0 0
2           3982.924 0 0 0 1
3           3983.417 0 0 0 0
1           3984.956 0 1 0 0
2           3985.166 0 0 0 1
3           3985.653 0 0 0 0
1           4000.896 0 1 0 0
2           4001.353 0 0 0 1
3           4001.735 0 0 0 0
1           4006.585 0 1 0 0
2           4006.800 0 0 0 1
3           4007.001 0 0 0 0
1           4007.475 0 1 0 0
2           4007.597 0 0 0 1
3           4007.716 0 0 0 0
1           4011.366 0 1 0 0
2           4011.534 0 0 0 1
1           4012.003 0 1 0 1
2           4012.174 0 0 1 1
3           4012.256 0 0 0 1
3           4013.092 0 0 0 0
1           4018.247 0 1 0 0
2           4019.460 0 0 0 1
3           4020.047 0 0 0 0
1           4022.711 0 1 0 0
2           4023.007 0 0 0 1
3           4023.212 0 0 0 0
1           4035.695 0 1 0 0
2           4036.066 0 0 0 1
3           4036.169 0 0 0 0
1           4036.646 0 1 0 0
2           4037.003 0 0 0 1
3           4037.224 0 0 0 0
1           4044.855 0 1 0 0
2           4045.241 0 0 0 1
3           4045.364 0 0 0 0
1           4053.499 0 1 0 0
2           4053.580 0 0 0 1
3           4053.629 0 0 0 0
1           4054.007 0 1 0 0
2           4054.210 0 0 0 1
3           4054.229 0 0 0 0
1           4066.737 0 1 0 0
2           4066.983 0 0 0 1
3           4067.029 0 0 0 0
1           4080.081 0 1 0 0
2           4080.352 0 0 0 1
1           4081.789 0 1 0 1
3           4081.841 0 1 0 0
2           4082.229 0 0 0 1
3           4082.274 0 0 0 0
1           4086.684 0 1 0 0
2           4086.699 0 0 0 1
3           4087.064 0 0 0 0
1           4091.477 0 1 0 0
2           4091.626 0 0 0 1
3           4091.728 0 0 0 0
1           4092.054 0 1 0 0
2           4092.359 0 0 0 1
3           4092.418 0 0 0 0
1           4102.522 0 1 0 0
2           4102.533 0 0 0 1
3           4102.566 0 0 0 0
1           4119.639 0 1 0 0
2           4120.218 0 0 0 1
3           4120.619 0 0 0 0
1           4134.554 0 1 0 0
2           4134.557 0 0 0 1
3           4134.794 0 0 0 0
1           4151.201 0 1 0 0
2           4151.380 0 0 0 1
3           4151.410 0 0 0 0
1           4156.550 0 1 0 0
2           4156.584 0 0 0 1
3           4157.505 0 0 0 0
1           4158.843 0 1 0 0
2           4158.851 0 0 0 1
3           4158.852 0 0 0 0
1           4162.924 0 1 0 0
2           4162.946 0 0 0 1
1           4163.059 0 1 0 1
2           4163.097 0 0 1 1
3           4163.781 0 0 0 1
3           4163.905 0 0 0 0
1           4169.281 0 1 0 0
2           4169.538 0 0 0 1
3           4169.734 0 0 0 0
1           4172.606 0 1 0 0
2           4172.727 0 0 0 1
3           4172.899 0 0 0 0
1           4180.737 0 1 0 0
2           4181.005 0 0 0 1
3           4181.104 0 0 0 0
1           4183.109 0 1 0 0
2           4183.341 0 0 0 1
3           4183.596 0 0 0 0
1           4183.980 0 1 0 0
2           4183.999 0 0 0 1
3           4184.793 0 0 0 0
1           4186.241 0 1 0 0
2           4186.501 0 0 0 1
3           4187.040 0 0 0 0
1           4190.020 0 1 0 0
2           4190.130 0 0 0 1
3           4190.369 0 0 0 0
1           4197.275 0 1 0 0
2           4197.304 0 0 0 1
1           4197.562 0 1 0 1
3           4197.707 0 1 0 0
2           4197.723 0 0 0 1
3           4197.865 0 0 0 0
1           4203.924 0 1 0 0
2           4204.036 0 0 0 1
3           4204.902 0 0 0 0
1           4205.491 0 1 0 0
2           4205.782 0 0 0 1
3           4206.173 0 0 0 0
1           4210.076 0 1 0 0
2           4210.487 0 0 0 1
3           4210.616 0 0 0 0
1           4228.176 0 1 0 0
2           4228.435 0 0 0 1
3           4228.454 0 0 0 0
1           4243.381 0 1 0 0
2           4244.018 0 0 0 1
3           4244.128 0 0 0 0
1           4256.318 0 1 0 0
1           4256.465 1 1 0 0
2           4256.648 0 1 0 1
2           4256.756 0 0 1 1
3           4257.049 0 0 0 1
3           4257.078 0 0 0 0
1           4261.988 0 1 0 0
2           4262.418 0 0 0 1
3           4262.445 0 0 0 0
1           4269.264 0 1 0 0
2           4269.380 0 0 0 1
3           4269.412 0 0 0 0
1           4271.764 0 1 0 0
2           4271.987 0 0 0 1
3           4272.478 0 0 0 0
1           4274.654 0 1 0 0
2           4275.152 0 0 0 1
3           4275.729 0 0 0 0
1           4279.786 0 1 0 0
2           4279.864 0 0 0 1
3           4279.921 0 0 0 0
1           4290.853 0 1 0 0
2           4290.994 0 0 0 1
3           4291.254 0 0 0 0
1           4295.724 0 1 0 0
2           4296.115 0 0 0 1
1           4296.170 0 1 0 1
3           4296.236 0 1 0 0
2           4296.490 0 0 0 1
3           4296.724 0 0 0 0
1           4296.842 0 1 0 0
2           4297.233 0 0 0 1
3           4297.362 0 0 0 0
1           4298.499 0 1 0 0
2           4298.558 0 0 0 1
3           4298.818 0 0 0 0
1           4303.817 0 1 0 0
2           4303.831 0 0 0 1
3           4304.034 0 0 0 0
1           4314.115 0 1 0 0
1           4314.257 1 1 0 0
2           4314.358 0 1 0 1
3           4314.518 0 1 0 0
2           4314.673 0 0 0 1
3           4314.945 0 0 0 0
1           4331.140 0 1 0 0
2           4331.486 0 0 0 1
1           4331.736 0 1 0 1
2           4331.911 0 0 1 1
3           4332.241 0 0 0 1
3           4332.348 0 0 0 0
1           4347.202 0 1 0 0
2           4347.292 0 0 0 1
3           4348.521 0 0 0 0
1           4351.191 0 1 0 0
2           4351.283 0 0 0 1
3           4351.371 0 0 0 0
1           4354.722 0 1 0 0
2           4354.809 0 0 0 1
3           4354.892 0 0 0 0
1           4359.332 0 1 0 0
2           4359.413 0 0 0 1
3           4360.344 0 0 0 0
1           4361.447 0 1 0 0
2           4361.845 0 0 0 1
3           4362.013 0 0 0 0
1           4364.673 0 1 0 0
2           4364.875 0 0 0 1
3           4364.952 0 0 0 0
1           4365.719 0 1 0 0
2           4365.877 0 0 0 1
3           4365.916 0 0 0 0
1           4379.587 0 1 0 0
2           4379.628 0 0 0 1
3           4379.942 0 0 0 0
1           4381.483 0 1 0 0
2           4381.835 0 0 0 1
3           4381.869 0 0 0 0
1           4389.372 0 1 0 0
2           4389.395 0 0 0 1
3           4389.753 0 0 0 0
1           4389.822 0 1 0 0
2           4389.924 0 0 0 1
3           4390.249 0 0 0 0
1           4392.884 0 1 0 0
2           4393.081 0 0 0 1
3           4393.174 0 0 0 0
1           4393.664 0 1 0 0
1           4393.978 1 1 0 0
2           4394.016 0 1 0 1
2           4394.031 0 0 1 1
3           4394.185 0 0 0 1
3           4394.761 0 0 0 0
1           4402.710 0 1 0 0
2           4402.811 0 0 0 1
3           4402.885 0 0 0 0
1           4404.660 0 1 0 0
2           4404.774 0 0 0 1
3           4405.015 0 0 0 0
1           4413.001 0 1 0 0
2           4413.081 0 0 0 1
3           4413.656 0 0 0 0
1           4414.425 0 1 0 0
2           4415.012 0 0 0 1
3           4415.212 0 0 0 0
1           4418.669 0 1 0 0
2           4418.771 0 0 0 1
3           4418.888 0 0 0 0
1           4423.965 0 1 0 0
2           4424.179 0 0 0 1
3           4424.500 0 0 0 0
1           4428.701 0 1 0 0
2           4428.920 0 0 0 1
3           4429.117 0 0 0 0
1           4431.806 0 1 0 0
2           4432.287 0 0 0 1
1           4432.461 0 1 0 1
3           4432.556 0 1 0 0
1           4432.591 1 1 0 0
2           4432.859 0 1 0 1
3           4433.041 0 1 0 0
2           4433.155 0 0 0 1
3           4433.241 0 0 0 0
1           4439.698 0 1 0 0
2           4440.141 0 0 0 1
3           4440.640 0 0 0 0
1           4446.982 0 1 0 0
2           4447.575 0 0 0 1
3           4447.695 0 0 0 0
1           4452.170 0 1 0 0
2           4452.305 0 0 0 1
3           4452.351 0 0 0 0
1           4452.858 0 1 0 0
2           4452.871 0 0 0 1
3           4453.072 0 0 0 0
1           4456.661 0 1 0 0
2           4456.719 0 0 0 1
3           4456.968 0 0 0 0
1           4457.559 0 1 0 0
2           4457.651 0 0 0 1
3           4457.744 0 0 0 0
1           4461.259 0 1 0 0
2           4461.281 0 0 0 1
3           4461.782 0 0 0 0
1           4463.649 0 1 0 0
2           4463.722 0 0 0 1
3           4463.768 0 0 0 0
1           4466.518 0 1 0 0
1           4466.821 1 1 0 0
2           4467.033 0 1 0 1
2           4467.046 0 0 1 1
3           4467.053 0 0 0 1
3           4467.423 0 0 0 0
1           4470.962 0 1 0 0
2           4471.061 0 0 0 1
3           4471.111 0 0 0 0
1           4478.604 0 1 0 0
2           4478.750 0 0 0 1
3           4478.773 0 0 0 0
1           4500.095 0 1 0 0
2           4500.442 0 0 0 1
3           4500.968 0 0 0 0
1           4500.973 0 1 0 0
2           4501.004 0 0 0 1
3           4501.161 0 0 0 0
1           4505.469 0 1 0 0
2           4505.609 0 0 0 1
3           4505.700 0 0 0 0
1           4511.713 0 1 0 0
2           4511.852 0 0 0 1
3           4512.061 0 0 0 0
1           4526.527 0 1 0 0
2           4526.939 0 0 0 1
3           4527.017 0 0 0 0
1           4527.621 0 1 0 0
2           4527.723 0 0 0 1
3           4528.527 0 0 0 0
1           4534.597 0 1 0 0
2           4534.598 0 0 0 1
1           4534.726 0 1 0 1
2           4535.048 0 0 1 1
3           4535.127 0 0 0 1
3           4535.264 0 0 0 0
1           4538.685 0 1 0 0
2           4539.029 0 0 0 1
3           4539.105 0 0 0 0
1           4539.513 0 1 0 0
2           4539.740 0 0 0 1
3           4540.378 0 0 0 0
1           4542.769 0 1 0 0
2           4543.003 0 0 0 1
3           4543.629 0 0 0 0
1           4550.212 0 1 0 0
2           4551.268 0 0 0 1
3           4551.363 0 0 0 0
1           4554.852 0 1 0 0
2           4554.936 0 0 0 1
3           4554.949 0 0 0 0
1           4564.963 0 1 0 0
2           4565.160 0 0 0 1
3           4565.377 0 0 0 0
1           4569.338 0 1 0 0
2           4569.339 0 0 0 1
3           4569.449 0 0 0 0
1           4573.299 0 1 0 0
2           4573.438 0 0 0 1
3           4573.625 0 0 0 0
1           4573.801 0 1 0 0
2           4573.825 0 0 0 1
3           4574.217 0 0 0 0
1           4575.181 0 1 0 0
2           4575.230 0 0 0 1
3           4575.682 0 0 0 0
1           4575.976 0 1 0 0
2           4576.074 0 0 0 1
3           4576.348 0 0 0 0
1           4579.138 0 1 0 0
2           4579.179 0 0 0 1
3           4580.173 0 0 0 0
1           4585.982 0 1 0 0
2           4586.027 0 0 0 1
3           4586.072 0 0 0 0
1           4591.745 0 1 0 0
2           4591.748 0 0 0 1
3           4592.613 0 0 0 0
1           4592.791 0 1 0 0
2           4592.849 0 0 0 1
3           4592.891 0 0 0 0
1           4595.449 0 1 0 0
2           4595.602 0 0 0 1
1           4595.941 0 1 0 1
3           4596.229 0 1 0 0
2           4596.276 0 0 0 1
3           4596.570 0 0 0 0
1           4607.913 0 1 0 0
2           4607.919 0 0 0 1
3           4608.150 0 0 0 0
1           4608.363 0 1 0 0
2           4608.363 0 0 0 1
3           4608.614 0 0 0 0
1           4610.190 0 1 0 0
2           4610.828 0 0 0 1
3           4611.076 0 0 0 0
1           4615.250 0 1 0 0
2           4615.491 0 0 0 1
3           4615.796 0 0 0 0
1           4630.729 0 1 0 0
2           4631.207 0 0 0 1
1           4631.274 0 1 0 1
3           4631.339 0 1 0 0
2           4631.444 0 0 0 1
3           4631.503 0 0 0 0
1           4632.569 0 1 0 0
2           4632.596 0 0 0 1
3           4632.605 0 0 0 0
1           4634.502 0 1 0 0
2           4635.515 0 0 0 1
3           4635.827 0 0 0 0
1           4638.617 0 1 0 0
2           4638.729 0 0 0 1
3           4639.490 0 0 0 0
1           4647.829 0 1 0 0
2           4647.838 0 0 0 1
3           4648.311 0 0 0 0
1           4667.202 0 1 0 0
2           4667.207 0 0 0 1
3           4667.308 0 0 0 0
1           4668.795 0 1 0 0
2           4669.047 0 0 0 1
3           4669.196 0 0 0 0
1           4672.180 0 1 0 0
2           4672.330 0 0 0 1
3           4672.409 0 0 0 0
1           4675.138 0 1 0 0
2           4675.547 0 0 0 1
3           4676.446 0 0 0 0
1           4677.764 0 1 0 0
2           4677.811 0 0 0 1
3           4677.821 0 0 0 0
1           4683.622 0 1 0 0
2           4683.931 0 0 0 1
3           4684.257 0 0 0 0
1           4694.379 0 1 0 0
2           4694.480 0 0 0 1
3           4694.820 0 0 0 0
1           4695.321 0 1 0 0
2           4695.476 0 0 0 1
3           4695.951 0 0 0 0
1           4710.084 0 1 0 0
2           4711.246 0 0 0 1
3           4711.701 0 0 0 0
1           4714.450 0 1 0 0
2           4714.728 0 0 0 1
3           4714.826 0 0 0 0
1           4719.466 0 1 0 0
1           4719.511 1 1 0 0
2           4719.615 0 1 0 1
2           4719.677 0 0 1 1
3           4719.698 0 0 0 1
3           4719.701 0 0 0 0
1           4720.339 0 1 0 0
2           4720.575 0 0 0 1
3           4720.584 0 0 0 0
1           4729.836 0 1 0 0
2           4730.599 0 0 0 1
3           4730.729 0 0 0 0
1           4735.148 0 1 0 0
2           4735.713 0 0 0 1
3           4735.879 0 0 0 0
1           4737.310 0 1 0 0
2           4737.776 0 0 0 1
3           4738.541 0 0 0 0
1           4740.567 0 1 0 0
2           4740.593 0 0 0 1
3           4740.613 0 0 0 0
1           4742.571 0 1 0 0
2           4742.753 0 0 0 1
3           4742.765 0 0 0 0
1           4749.227 0 1 0 0
2           4749.364 0 0 0 1
3           4749.626 0 0 0 0
1           4749.770 0 1 0 0
2           4749.815 0 0 0 1
3           4750.284 0 0 0 0
1           4750.689 0 1 0 0
1           4751.031 1 1 0 0
2           4751.063 0 1 0 1
2           4751.120 0 0 1 1
3           4751.292 0 0 0 1
3           4751.373 0 0 0 0
1           4752.433 0 1 0 0
2           4752.779 0 0 0 1
1           4753.096 0 1 0 1
2           4753.300 0 0 1 1
3           4753.439 0 0 0 1
1           4753.441 0 1 0 1
2           4753.537 0 0 1 1
3           4753.633 0 0 0 1
3           4753.678 0 0 0 0
1           4758.857 0 1 0 0
2           4758.909 0 0 0 1
3           4759.585 0 0 0 0
1           4767.532 0 1 0 0
2           4767.644 0 0 0 1
3           4767.786 0 0 0 0
1           4770.637 0 1 0 0
2           4770.657 0 0 0 1
3           4770.781 0 0 0 0
1           4783.021 0 1 0 0
2           4783.027 0 0 0 1
3           4783.572 0 0 0 0
1           4788.203 0 1 0 0
2           4788.230 0 0 0 1
3           4788.820 0 0 0 0
1           4798.720 0 1 0 0
2           4799.162 0 0 0 1
3           4799.667 0 0 0 0
1           4805.589 0 1 0 0
2           4805.995 0 0 0 1
3           4806.092 0 0 0 0
1           4822.095 0 1 0 0
2           4822.336 0 0 0 1
3           4822.458 0 0 0 0
1           4829.552 0 1 0 0
2           4829.684 0 0 0 1
3           4830.765 0 0 0 0
1           4838.313 0 1 0 0
2           4838.415 0 0 0 1
3           4838.860 0 0 0 0
1           4845.377 0 1 0 0
2           4845.407 0 0 0 1
3           4845.489 0 0 0 0
1           4851.430 0 1 0 0
2           4851.482 0 0 0 1
3           4851.675 0 0 0 0
1           4854.887 0 1 0 0
2           4855.269 0 0 0 1
3           4855.605 0 0 0 0
1           4868.694 0 1 0 0
2           4868.748 0 0 0 1
3           4868.800 0 0 0 0
1           4873.740 0 1 0 0
2           4873.897 0 0 0 1
3           4874.076 0 0 0 0
1           4876.445 0 1 0 0
2           4876.511 0 0 0 1
3           4876.751 0 0 0 0
1           4877.557 0 1 0 0
2           4877.576 0 0 0 1
3           4877.819 0 0 0 0
1           4889.005 0 1 0 0
2           4889.019 0 0 0 1
3           4889.151 0 0 0 0
1           4889.302 0 1 0 0
2           4889.711 0 0 0 1
3           4889.966 0 0 0 0
1           4889.973 0 1 0 0
2           4890.116 0 0 0 1
3           4890.192 0 0 0 0
1           4903.864 0 1 0 0
2           4903.918 0 0 0 1
3           4903.940 0 0 0 0
1           4908.992 0 1 0 0
2           4909.073 0 0 0 1
1           4909.284 0 1 0 1
2           4909.424 0 0 1 1
3           4909.563 0 0 0 1
3           4909.704 0 0 0 0
1           4914.253 0 1 0 0
2           4914.419 0 0 0 1
3           4914.429 0 0 0 0
1           4918.183 0 1 0 0
2           4918.291 0 0 0 1
3           4918.579 0 0 0 0
1           4920.637 0 1 0 0
2           4920.866 0 0 0 1
3           4920.960 0 0 0 0
1           4924.397 0 1 0 0
2           4924.631 0 0 0 1
3           4924.913 0 0 0 0
1           4944.014 0 1 0 0
2           4944.477 0 0 0 1
3           4945.229 0 0 0 0
1           4948.600 0 1 0 0
2           4948.698 0 0 0 1
3           4948.852 0 0 0 0
1           4949.787 0 1 0 0
2           4950.273 0 0 0 1
3           4950.414 0 0 0 0
1           4956.160 0 1 0 0
2           4956.503 0 0 0 1
3           4956.998 0 0 0 0
1           4964.957 0 1 0 0
2           4965.276 0 0 0 1
3           4965.438 0 0 0 0
1           4966.644 0 1 0 0
2           4966.662 0 0 0 1
1           4966.818 0 1 0 1
3           4967.052 0 1 0 0
2           4967.201 0 0 0 1
3           4967.699 0 0 0 0
1           4982.604 0 1 0 0
2           4982.694 0 0 0 1
3           4982.754 0 0 0 0
1           4984.796 0 1 0 0
2           4985.112 0 0 0 1
3           4985.226 0 0 0 0
1           4985.597 0 1 0 0
2           4985.652 0 0 0 1
3           4985.744 0 0 0 0
1           5020.786 0 1 0 0
2           5020.881 0 0 0 1
3           5020.996 0 0 0 0
1           5022.712 0 1 0 0
2           5022.884 0 0 0 1
3           5022.895 0 0 0 0
1           5029.294 0 1 0 0
2           5029.506 0 0 0 1
3           5029.619 0 0 0 0
1           5029.704 0 1 0 0
2           5029.954 0 0 0 1
3           5030.313 0 0 0 0
1           5034.290 0 1 0 0
2           5034.356 0 0 0 1
3           5034.523 0 0 0 0
1           5035.272 0 1 0 0
2           5035.335 0 0 0 1
3           5035.858 0 0 0 0
1           5049.259 0 1 0 0
2           5049.353 0 0 0 1
3           5049.578 0 0 0 0
1           5049.774 0 1 0 0
2           5050.347 0 0 0 1
1           5050.716 0 1 0 1
3           5050.882 0 1 0 0
2           5050.944 0 0 0 1
3           5050.989 0 0 0 0
1           5055.756 0 1 0 0
2           5055.939 0 0 0 1
3           5056.244 0 0 0 0
1           5056.960 0 1 0 0
2           5057.343 0 0 0 1
