File: llegadasregistro
1
Hora de arribo [horas]
   8.00000000000000
   8.21043951968781
   8.27264570394993
   8.28276796546860
   8.28349910973377
   8.48617068237773
   8.49613025934337
   8.51994030250498
   8.54891140611096
   8.61943429732717
   8.62923457993879
   8.69597436801735
   8.71011675456168
   8.73091944318470
   8.80799372259258
   8.83335890522796
   8.85849044406197
   8.87930399202918
   8.96411819377284
   8.98670305232875
   9.07521006223590
   9.10605631749688
   9.12968512967243
   9.14853703232152
   9.16801568872971
   9.17458779475236
   9.39215102753341
   9.45064534348790
   9.46312746891394
   9.52212464642270
   9.52593208620307
   9.54530942572893
   9.67527718060029
   9.80776445894795
  10.02919745519851
  10.10330387179115
  10.13636188512060
  10.17538390058293
  10.19298935985242
  10.22001204866747
  10.25375717994824
  10.38374638933443
  10.46593846014192
  10.51436977632429
  10.57865880522978
  10.59166981410788
  10.64959907809324
  10.67205478760423
  10.67273099643910
  10.70710159897579
  10.70978728494365
  10.71922283070232
  10.72352484841053
  10.83250791127292
  10.84291290597880
  10.84772399476701
  10.94049855235881
  11.04563661288218
  11.05918333654862
  11.07548367617846
  11.09689684109073
  11.11101348362132
  11.13155028176728
  11.13774384887775
  11.20281257737257
  11.24625518526879
  11.32357982947748
  11.49035035780904
  11.61591471409414
  11.62400733148887
  11.67791790478567
  11.71607976122859
  11.72058895015713
  11.79438312175578
  11.80180551782249
  11.82283812004896
  11.82859840540253
  11.86445569648315
  11.86482477297825
  11.91408994326177
  11.94570399568397
  12.03107960067405
  12.06554290325019
  12.10865732300931
  12.12940072693491
  12.14915273297967
  12.15133307939601
  12.23388104902875
  12.34369490314411
  12.37223661343088
  12.37380256793206
  12.56082411043440
  12.56777481177355
  12.74859978818352
  12.78134145052936
  12.86377861261147
  12.88050408754106
  12.94968443006911
  12.95310560947207
  13.05242528265639
  13.08496585471003