Series de tiempo producidas por mm1.m 
3
time
longitud de la cola
ocupacion del servidor (OCUPADO=1,LIBRE=0)
           0.000 0 0
           2.657 0 1
           2.776 1 1
           2.960 0 1
           4.297 0 0
           4.300 0 1
           4.312 1 1
           5.209 0 1
           5.224 1 1
           5.297 0 1
           5.607 0 0
           5.653 0 1
           5.904 1 1
           6.978 0 1
           7.353 0 0
           7.818 0 1
           8.000 1 1
           8.111 2 1
           8.259 1 1
           9.479 0 1
           9.515 0 0
          10.549 0 1
          10.563 0 0
          12.161 0 1
          12.201 1 1
          12.413 2 1
          12.439 1 1
          12.632 0 1
          13.054 0 0
          13.606 0 1
          13.783 0 0
          13.830 0 1
          14.141 1 1
          14.550 0 1
          14.578 0 0
          14.914 0 1
          15.187 0 0
          17.069 0 1
          17.509 0 0
          21.015 0 1
          21.346 0 0
          24.341 0 1
          24.740 1 1
          24.913 0 1
          25.305 0 0
          25.781 0 1
          26.089 0 0
          27.904 0 1
          28.015 1 1
          28.696 0 1
          29.025 1 1
          29.759 2 1
          29.851 3 1
          30.948 2 1
          31.128 1 1
          31.250 0 1
          31.359 1 1
          31.702 2 1
          32.347 1 1
          32.931 0 1
          33.048 1 1
          33.299 0 1
          33.941 1 1
          34.054 0 1
          34.573 1 1
          35.738 0 1
          35.867 0 0
          37.700 0 1
          38.505 1 1
          38.768 0 1
          38.869 0 0
          39.296 0 1
          39.573 0 0
          39.580 0 1
          39.810 0 0
          40.919 0 1
          40.975 0 0
          41.606 0 1
          41.809 0 0
          43.024 0 1
          43.178 1 1
          43.247 2 1
          43.342 1 1
          43.588 0 1
          43.831 0 0
          46.189 0 1
          46.355 0 0
          46.411 0 1
          46.556 0 0
          48.328 0 1
          48.848 1 1
          48.866 0 1
          49.114 0 0
          50.763 0 1
          50.933 1 1
          51.449 0 1
          51.669 0 0
          52.124 0 1
          52.433 0 0
          53.801 0 1
          53.864 1 1
          54.155 2 1
          54.313 1 1
          54.347 0 1
          54.525 0 0
          54.531 0 1
          54.995 0 0
          55.926 0 1
          56.406 1 1
          56.899 0 1
          57.128 1 1
          58.114 0 1
          58.550 1 1
          59.149 2 1
          59.237 1 1
          59.724 2 1
          59.766 3 1
          60.694 2 1
          61.739 3 1
          62.137 2 1
          62.730 1 1
          62.803 2 1
          63.127 1 1
          63.219 0 1
          63.448 0 0
          64.114 0 1
          64.884 0 0
          68.086 0 1
          68.744 0 0
          68.861 0 1
          69.055 0 0
          69.508 0 1
          69.780 0 0
          70.676 0 1
          71.704 0 0
          72.755 0 1
          72.784 0 0
          72.802 0 1
          73.086 1 1
          73.171 0 1
          73.321 1 1
          74.214 2 1
          75.164 3 1
          75.286 2 1
          75.635 3 1
          75.955 2 1
          76.054 3 1
          76.503 2 1
          76.900 1 1
          77.191 2 1
          77.291 1 1
          77.548 0 1
          78.101 1 1
          78.727 0 1
          79.097 1 1
          79.494 2 1
          79.814 1 1
          80.170 2 1
          80.447 1 1
          80.791 2 1
          81.033 3 1
          81.056 4 1
          81.252 3 1
          81.479 4 1
          81.594 5 1
          81.834 6 1
          82.092 7 1
          82.101 8 1
          82.365 7 1
          82.572 8 1
          82.619 7 1
          82.624 6 1
          82.650 5 1
          82.726 6 1
          82.961 7 1
          83.189 6 1
          83.469 7 1
          83.719 6 1
          83.754 5 1
          83.917 4 1
          84.161 3 1
          84.197 2 1
          85.116 3 1
          85.490 4 1
          85.613 5 1
          85.656 4 1
          85.662 5 1
          85.718 4 1
          85.877 3 1
          87.005 4 1
          87.340 3 1
          87.430 2 1
          87.742 1 1
          88.703 0 1
          88.773 0 0
          88.803 0 1
          88.908 1 1
          89.266 2 1
          89.683 1 1
