Series de tiempo producidas por mm1.m 
3
time
longitud de la cola
ocupacion del servidor (OCUPADO=1,LIBRE=0)
           0.000 0 0
           0.572 0 1
           0.714 0 0
           1.768 0 1
           2.512 1 1
           2.659 0 1
           2.931 0 0
           3.116 0 1
           3.200 0 0
           4.057 0 1
           4.077 0 0
           5.840 0 1
           6.001 0 0
           6.871 0 1
           7.400 1 1
           7.458 0 1
           8.193 0 0
           9.236 0 1
           9.459 0 0
           9.849 0 1
           9.958 0 0
           9.995 0 1
          10.067 0 0
          10.377 0 1
          10.394 0 0
          11.220 0 1
          12.666 0 0
          15.044 0 1
          15.245 0 0
          16.842 0 1
          16.879 0 0
          18.852 0 1
          19.110 0 0
          21.778 0 1
          22.360 0 0
          23.539 0 1
          23.773 1 1
          24.304 2 1
          26.103 1 1
          26.340 2 1
          26.694 3 1
          26.973 2 1
          27.483 1 1
          27.706 0 1
          27.956 0 0
          29.248 0 1
          29.590 1 1
          29.774 2 1
          30.282 3 1
          30.619 2 1
          31.522 3 1
          32.985 2 1
          33.023 1 1
          33.397 0 1
          33.423 0 0
          33.455 0 1
          35.520 0 0
          35.987 0 1
          36.572 0 0
          40.412 0 1
          40.573 0 0
          40.742 0 1
          41.041 0 0
          43.520 0 1
          43.580 0 0
          43.857 0 1
          44.587 0 0
          45.130 0 1
          45.601 0 0
          46.165 0 1
          46.343 0 0
          48.499 0 1
          48.857 1 1
          49.214 2 1
          49.402 1 1
          49.650 0 1
          49.683 1 1
          50.234 0 1
          50.237 0 0
          50.337 0 1
          50.806 1 1
          51.125 2 1
          51.214 1 1
          51.763 2 1
          52.919 1 1
          53.038 0 1
          53.277 1 1
          54.548 0 1
          55.062 0 0
          58.890 0 1
          59.495 0 0
          59.960 0 1
          60.155 0 0
          60.580 0 1
          61.221 1 1
          61.738 0 1
          61.972 0 0
          62.659 0 1
          62.720 0 0
          64.237 0 1
          64.370 0 0
          64.915 0 1
          65.059 0 0
          66.727 0 1
          66.746 0 0
          67.590 0 1
          67.754 1 1
          68.177 0 1
          68.501 0 0
          70.668 0 1
          70.704 1 1
          70.912 0 1
          71.328 1 1
          71.481 2 1
          71.966 3 1
          72.581 4 1
          72.583 3 1
          73.021 2 1
          73.057 3 1
          73.931 2 1
          73.960 3 1
          74.099 2 1
          74.147 1 1
          74.389 0 1
          74.486 0 0
          77.078 0 1
          77.457 1 1
          77.485 2 1
          77.514 3 1
          77.916 2 1
          78.549 3 1
          79.066 2 1
          79.076 3 1
          79.183 2 1
          79.318 1 1
          79.407 0 1
          79.716 1 1
          80.203 2 1
          80.384 1 1
          81.114 0 1
          81.233 0 0
          81.365 0 1
          81.382 0 0
          82.375 0 1
          82.816 0 0
          83.566 0 1
          83.910 0 0
          83.967 0 1
          83.967 1 1
          84.090 0 1
          84.414 0 0
          84.771 0 1
          84.899 0 0
          85.193 0 1
          85.348 0 0
          86.016 0 1
          86.103 1 1
          86.294 2 1
          87.623 1 1
          87.644 0 1
          87.763 0 0
          89.574 0 1
          89.955 0 0
          91.328 0 1
          91.338 0 0
          93.991 0 1
          94.190 0 0
          94.980 0 1
          95.359 0 0
          95.774 0 1
          95.851 0 0
          96.754 0 1
          97.148 0 0
          98.108 0 1
          99.216 0 0
          99.615 0 1
          99.704 0 0
         100.843 0 1
         101.073 0 0
         101.292 0 1
         102.610 0 0
         103.691 0 1
         103.710 0 0
         104.020 0 1
         104.505 0 0
         106.716 0 1
         106.811 0 0
         107.243 0 1
         107.890 1 1
         108.176 0 1
         108.486 1 1
         108.890 0 1
         108.962 1 1
         109.566 2 1
         109.778 3 1
         110.611 4 1
         110.841 3 1
         110.942 2 1
         111.079 1 1
         111.167 0 1
         111.829 0 0
         113.063 0 1
         113.152 0 0
         115.658 0 1
         116.050 1 1
         117.209 0 1
         117.412 0 0
         118.064 0 1
         118.114 1 1
         118.273 2 1
         118.800 1 1
         118.949 2 1
         119.091 3 1
         119.419 4 1
         120.252 3 1
         120.445 2 1
         120.493 3 1
         121.102 4 1
         121.867 5 1
         122.097 4 1
         122.292 3 1
         122.360 2 1
         122.621 1 1
         122.780 0 1
         123.482 1 1
         123.523 0 1
         123.593 1 1
         123.749 2 1
         124.811 1 1
         125.071 0 1
         125.489 0 0
         126.057 0 1
         126.066 0 0
         127.193 0 1
         127.276 0 0
         128.067 0 1
         128.394 0 0
         129.258 0 1
         129.303 1 1
         129.796 2 1
         130.071 1 1
         130.721 0 1
         130.824 0 0
         131.106 0 1
         131.110 0 0
         134.210 0 1
         134.514 0 0
         134.841 0 1
         135.304 0 0
         136.997 0 1
         137.005 0 0
         137.371 0 1
         137.377 0 0
         140.854 0 1
         141.949 0 0
         142.898 0 1
         143.070 0 0
         143.245 0 1
         143.841 1 1
         144.018 0 1
         145.141 0 0
         146.556 0 1
         146.698 0 0
         150.386 0 1
         150.634 1 1
         151.488 0 1
         152.741 0 0
         152.944 0 1
         156.023 0 0
         157.124 0 1
         157.317 0 0
         157.638 0 1
         158.207 1 1
         158.388 0 1
         158.424 0 0
         159.457 0 1
         159.924 0 0
         159.966 0 1
         160.018 1 1
         160.191 2 1
         160.194 1 1
         161.340 0 1
         161.430 0 0
         161.533 0 1
         161.714 0 0
         161.880 0 1
         162.047 1 1
         162.176 0 1
         162.180 0 0
         162.369 0 1
         163.017 0 0
         164.207 0 1
         165.021 0 0
         165.249 0 1
         165.370 0 0
         168.931 0 1
         169.298 0 0
         169.555 0 1
         169.752 0 0
         171.113 0 1
         171.197 0 0
         172.871 0 1
         173.195 0 0
         173.536 0 1
         173.907 0 0
         174.701 0 1
         174.759 0 0
         175.168 0 1
         175.312 0 0
         177.164 0 1
         177.472 1 1
         178.038 0 1
         178.238 0 0
         180.058 0 1
         181.308 0 0
         181.633 0 1
         182.194 1 1
         182.382 2 1
         182.956 1 1
         183.096 0 1
         183.144 0 0
         183.422 0 1
         183.474 1 1
         183.869 0 1
         184.076 0 0
         184.731 0 1
         184.777 0 0
         185.092 0 1
         185.227 1 1
         185.324 0 1
         185.583 0 0
         186.814 0 1
         187.107 1 1
         189.205 0 1
         189.401 0 0
         190.548 0 1
         190.694 0 0
         191.175 0 1
         192.420 1 1
         192.573 0 1
         193.306 0 0
         193.794 0 1
         193.993 0 0
         194.951 0 1
         195.757 0 0
         195.896 0 1
         196.398 1 1
         196.492 0 1
         196.597 0 0
         196.827 0 1
         197.691 0 0
         199.489 0 1
         199.521 1 1
         199.739 0 1
         200.556 0 0
         203.529 0 1
         203.614 0 0
         206.193 0 1
         206.459 0 0
         208.176 0 1
         208.208 0 0
         208.636 0 1
         210.184 0 0
         214.676 0 1
         215.811 1 1
         216.269 0 1
         216.348 0 0
         216.888 0 1
         217.218 0 0
         223.460 0 1
         223.624 1 1
         223.656 0 1
         223.791 0 0
         224.004 0 1
         224.801 0 0
         224.954 0 1
         225.279 0 0
         225.976 0 1
         226.118 0 0
         226.351 0 1
         226.655 0 0
         227.363 0 1
         227.812 0 0
         229.297 0 1
         229.344 0 0
         229.592 0 1
         229.669 1 1
         231.072 0 1
         231.472 1 1
         231.530 0 1
         231.628 0 0
         231.785 0 1
         231.802 0 0
         231.979 0 1
         233.310 0 0
         235.080 0 1
         235.632 0 0
         239.732 0 1
         240.565 0 0
         240.747 0 1
         240.784 0 0
         240.935 0 1
         241.003 1 1
         241.079 2 1
         241.194 1 1
         241.711 2 1
         242.139 3 1
         242.494 2 1
         242.616 1 1
         243.144 2 1
         243.148 3 1
         243.539 2 1
         244.355 1 1
         244.371 2 1
         244.737 1 1
         244.878 0 1
         245.106 0 0
         246.586 0 1
         246.639 0 0
         247.169 0 1
         247.560 0 0
         248.754 0 1
         248.839 1 1
         248.859 0 1
         249.029 1 1
         249.035 0 1
         249.289 0 0
         251.514 0 1
         251.553 1 1
         251.899 0 1
         251.913 0 0
         252.002 0 1
         252.352 0 0
         252.895 0 1
         253.096 1 1
         253.370 0 1
         254.180 0 0
         255.378 0 1
         255.544 0 0
         256.969 0 1
         257.486 0 0
         259.628 0 1
         259.632 1 1
         259.743 2 1
         259.904 1 1
         260.715 2 1
         261.321 1 1
         262.094 0 1
         262.448 1 1
         262.878 2 1
         263.130 1 1
         263.334 0 1
         263.405 0 0
         264.953 0 1
         265.819 0 0
         267.810 0 1
         269.740 1 1
         270.001 2 1
         270.410 1 1
         270.575 2 1
         270.894 1 1
         271.133 2 1
         271.205 1 1
         272.501 0 1
         272.799 0 0
         275.482 0 1
         275.975 1 1
         276.728 0 1
         277.734 1 1
         278.711 2 1
         280.125 3 1
         280.461 4 1
         280.985 3 1
         281.688 2 1
         282.891 3 1
         283.108 2 1
         283.239 3 1
         283.257 2 1
         283.260 3 1
         283.511 2 1
         283.863 1 1
         285.060 2 1
         285.102 1 1
         285.174 2 1
         286.265 1 1
         286.978 0 1
         287.709 1 1
         287.838 2 1
         288.103 1 1
         288.228 2 1
         288.715 1 1
         288.846 0 1
         289.241 1 1
         289.400 0 1
         289.798 0 0
         290.656 0 1
         290.717 1 1
         290.771 0 1
         290.772 1 1
         291.182 0 1
         291.232 0 0
         292.664 0 1
         292.742 0 0
         292.774 0 1
         292.861 0 0
         296.275 0 1
         297.581 0 0
         298.277 0 1
         299.040 0 0
         299.186 0 1
         299.212 0 0
         302.574 0 1
         302.779 1 1
         303.259 0 1
         303.432 0 0
         304.230 0 1
         305.825 0 0
         307.039 0 1
         307.044 0 0
         307.147 0 1
         307.695 1 1
         308.028 0 1
         308.236 0 0
         309.211 0 1
         309.271 1 1
         309.522 0 1
         309.879 0 0
         310.162 0 1
         310.766 0 0
         312.426 0 1
         313.139 0 0
         317.117 0 1
         317.660 1 1
         317.758 0 1
         318.149 0 0
         319.173 0 1
         319.582 0 0
         319.936 0 1
         320.202 1 1
         320.415 0 1
         321.016 0 0
         323.186 0 1
         323.219 1 1
         323.411 0 1
         323.832 0 0
         324.035 0 1
         324.071 0 0
         324.112 0 1
         324.202 1 1
         324.230 2 1
         325.202 3 1
         325.803 4 1
         325.970 3 1
         325.986 2 1
         326.071 1 1
         326.359 0 1
         326.416 0 0
         327.168 0 1
         327.522 0 0
         329.277 0 1
         329.598 0 0
         329.902 0 1
         330.016 1 1
         330.289 0 1
         330.409 1 1
         330.910 0 1
         331.287 0 0
         331.292 0 1
         332.712 1 1
         332.763 0 1
         333.494 1 1
         333.897 0 1
         334.320 1 1
         334.371 2 1
         334.489 3 1
         335.241 2 1
         335.321 1 1
         336.290 0 1
         336.889 0 0
         337.233 0 1
         337.272 0 0
         342.210 0 1
         342.449 0 0
         343.652 0 1
         343.847 0 0
         343.964 0 1
         343.973 0 0
         344.019 0 1
         344.141 1 1
         344.824 2 1
         344.979 1 1
         346.310 0 1
         346.355 0 0
         346.589 0 1
         346.802 1 1
         347.693 0 1
         347.757 0 0
         350.470 0 1
         353.683 0 0
         354.060 0 1
         354.761 0 0
         355.723 0 1
         356.155 1 1
         356.300 2 1
         356.332 1 1
         356.973 0 1
         357.083 0 0
         358.276 0 1
         358.912 1 1
         359.141 0 1
         359.289 0 0
         361.067 0 1
         361.276 0 0
         362.535 0 1
         362.732 0 0
         363.071 0 1
         363.877 0 0
         366.427 0 1
         366.576 1 1
         367.898 2 1
         368.005 3 1
         368.501 2 1
         368.794 3 1
         369.044 4 1
         369.691 5 1
         369.976 4 1
         369.985 3 1
         370.223 2 1
         370.257 1 1
         370.609 2 1
         370.710 1 1
         370.980 0 1
         371.659 1 1
         372.456 2 1
         372.590 1 1
         372.613 0 1
         372.688 0 0
         373.017 0 1
         373.136 0 0
         375.802 0 1
         376.365 1 1
         376.371 2 1
         376.691 3 1
         376.893 4 1
         376.922 3 1
         377.279 2 1
         377.883 3 1
         378.588 2 1
         378.620 1 1
         378.868 0 1
         379.103 0 0
         379.305 0 1
         379.789 0 0
         383.213 0 1
         384.110 0 0
         384.678 0 1
         384.912 0 0
         385.091 0 1
         385.098 0 0
         385.472 0 1
         385.873 0 0
         387.266 0 1
         387.644 0 0
         388.597 0 1
         388.620 0 0
         389.328 0 1
         389.877 0 0
         390.767 0 1
         390.767 0 0
         392.149 0 1
         392.274 0 0
         396.602 0 1
         396.627 0 0
         397.547 0 1
         397.974 1 1
         397.985 2 1
         398.950 1 1
         399.034 0 1
         399.133 1 1
         399.224 0 1
         399.386 0 0
         399.592 0 1
         399.768 1 1
         400.094 0 1
         400.373 1 1
         400.415 2 1
         401.145 1 1
         401.383 0 1
         401.540 0 0
         401.635 0 1
         401.679 0 0
         403.112 0 1
         403.202 1 1
         403.411 0 1
         403.450 0 0
         404.177 0 1
         404.486 0 0
         406.518 0 1
         406.699 0 0
         406.858 0 1
         406.957 1 1
         407.046 2 1
         407.186 1 1
         407.444 2 1
         407.627 3 1
         408.020 2 1
         408.163 1 1
         408.291 2 1
         408.643 1 1
         409.405 0 1
         409.511 1 1
         409.539 0 1
         409.791 1 1
         410.888 0 1
         410.997 1 1
         411.089 2 1
         411.603 1 1
         411.984 0 1
         412.851 0 0
         413.185 0 1
         413.528 1 1
         413.648 2 1
         413.958 1 1
         414.151 0 1
         414.227 0 0
         414.346 0 1
         414.363 0 0
         414.914 0 1
         415.078 1 1
         415.615 0 1
         416.364 1 1
         416.390 0 1
         416.534 0 0
         416.753 0 1
         417.695 1 1
         417.884 0 1
         417.890 1 1
         418.160 2 1
         418.398 3 1
         419.153 2 1
         419.945 1 1
         420.556 0 1
         422.896 1 1
         422.927 0 1
         423.112 0 0
         423.842 0 1
         424.076 1 1
         424.273 0 1
         424.273 0 0
         426.604 0 1
         426.615 0 0
         427.865 0 1
         428.052 0 0
         428.581 0 1
         429.162 0 0
         429.451 0 1
         429.587 0 0
         430.012 0 1
         430.214 0 0
         431.757 0 1
         431.953 1 1
         432.112 2 1
         432.169 1 1
         432.188 0 1
         432.307 0 0
         433.954 0 1
         433.959 0 0
         434.148 0 1
         434.244 0 0
         435.367 0 1
         435.476 1 1
         436.024 2 1
         436.660 3 1
         437.039 2 1
         437.891 3 1
         438.760 2 1
         439.064 3 1
         439.473 2 1
         439.505 1 1
         439.694 0 1
         439.721 0 0
         440.044 0 1
         440.261 0 0
         442.258 0 1
         442.621 1 1
         442.631 0 1
         442.939 1 1
         443.168 0 1
         443.616 0 0
         445.525 0 1
         445.668 0 0
         447.066 0 1
         447.071 0 0
         447.794 0 1
         448.844 0 0
         449.342 0 1
         449.440 0 0
         451.675 0 1
         451.806 0 0
         452.343 0 1
         452.455 0 0
         453.286 0 1
         454.034 0 0
         454.502 0 1
         454.602 0 0
         455.728 0 1
         455.799 1 1
         455.813 0 1
         455.929 1 1
         456.046 0 1
         457.340 0 0
         458.359 0 1
         458.441 0 0
         459.420 0 1
         459.680 0 0
         460.534 0 1
         460.849 0 0
         461.801 0 1
         461.946 0 0
         462.446 0 1
         462.761 1 1
         463.837 2 1
         464.396 1 1
         464.641 2 1
         465.776 1 1
         465.868 0 1
         466.040 0 0
         468.169 0 1
         468.453 0 0
         469.216 0 1
         469.278 0 0
         470.890 0 1
         470.976 1 1
         471.001 2 1
         472.034 3 1
         472.077 2 1
         472.091 1 1
         472.363 2 1
         472.599 3 1
         473.099 2 1
         473.242 3 1
         473.289 4 1
         473.338 3 1
         473.891 2 1
         474.815 3 1
         475.013 2 1
         475.043 1 1
         475.280 0 1
         475.957 0 0
         476.554 0 1
         476.714 0 0
         478.016 0 1
         478.046 0 0
         479.293 0 1
         479.306 1 1
         480.092 0 1
         480.760 0 0
         481.967 0 1
         482.093 0 0
         482.764 0 1
         482.853 0 0
         483.101 0 1
         483.157 0 0
         485.020 0 1
         485.101 0 0
         485.974 0 1
         486.051 1 1
         486.584 2 1
         487.751 3 1
         488.089 2 1
         488.218 1 1
         488.310 0 1
         488.644 0 0
         488.847 0 1
         489.132 0 0
         492.689 0 1
         493.270 1 1
         493.432 2 1
         494.234 1 1
         494.448 0 1
         494.702 0 0
         494.935 0 1
         495.161 0 0
         495.696 0 1
         496.108 1 1
         496.245 2 1
         497.130 3 1
         497.255 2 1
         497.345 3 1
         497.605 2 1
         497.749 3 1
         497.981 2 1
         498.562 1 1
         498.641 0 1
         498.988 0 0
         500.913 0 1
         501.514 1 1
         501.852 2 1
         501.881 1 1
         501.941 0 1
         502.275 0 0
         502.277 0 1
         502.729 1 1
         502.731 2 1
         503.268 1 1
         503.632 0 1
         504.136 0 0
         506.157 0 1
         506.412 0 0
         506.791 0 1
         507.772 0 0
         509.293 0 1
         509.297 0 0
         510.158 0 1
         510.991 0 0
         513.574 0 1
         513.676 0 0
         514.956 0 1
         515.149 1 1
         515.485 0 1
         516.341 0 0
         517.518 0 1
         518.212 0 0
         518.276 0 1
         518.400 0 0
         519.115 0 1
         519.642 0 0
         521.444 0 1
         521.858 0 0
         522.085 0 1
         522.213 0 0
         523.307 0 1
         523.333 0 0
         523.391 0 1
         523.418 0 0
         523.629 0 1
         523.968 0 0
         524.394 0 1
         525.359 1 1
         525.486 0 1
         525.739 0 0
         526.649 0 1
         526.787 0 0
         526.970 0 1
         526.973 1 1
         527.607 0 1
         527.715 1 1
         528.333 0 1
         529.098 0 0
         531.918 0 1
         532.030 1 1
         532.778 0 1
         533.184 0 0
         534.557 0 1
         535.985 0 0
         537.527 0 1
         537.723 1 1
         537.888 0 1
         538.167 0 0
         538.585 0 1
         538.811 0 0
         538.901 0 1
         539.472 1 1
         539.814 0 1
         540.161 0 0
         540.862 0 1
         540.925 1 1
         541.340 0 1
         541.841 1 1
         542.069 0 1
         542.392 0 0
         542.832 0 1
         542.954 0 0
         543.792 0 1
         544.178 0 0
         544.854 0 1
         544.873 1 1
         544.914 2 1
         545.027 1 1
         545.035 0 1
         545.227 0 0
         546.228 0 1
         546.351 0 0
         547.696 0 1
         548.026 0 0
         549.437 0 1
         549.535 1 1
         549.754 0 1
         550.089 0 0
         550.385 0 1
         550.979 0 0
         551.102 0 1
         551.350 0 0
         551.767 0 1
         551.818 1 1
         552.520 0 1
         552.966 0 0
         553.581 0 1
         553.699 0 0
         554.529 0 1
         554.933 0 0
         556.688 0 1
         556.869 0 0
         558.103 0 1
         558.848 0 0
         559.190 0 1
         559.712 1 1
         560.368 0 1
         560.379 1 1
         561.440 0 1
         562.216 0 0
         562.338 0 1
         562.409 0 0
         562.713 0 1
         563.013 0 0
         563.966 0 1
         563.997 1 1
         564.820 0 1
         564.908 0 0
         566.762 0 1
         566.956 0 0
         570.789 0 1
         571.358 0 0
         574.331 0 1
         574.359 0 0
         575.201 0 1
         575.340 1 1
         575.456 0 1
         575.803 1 1
         575.929 0 1
         575.965 0 0
         576.883 0 1
         577.469 0 0
         578.015 0 1
         579.861 1 1
         580.135 0 1
         580.383 0 0
         582.470 0 1
         582.747 0 0
         583.240 0 1
         583.313 0 0
         584.448 0 1
         584.578 1 1
         584.667 2 1
         584.741 1 1
         586.031 0 1
         586.721 0 0
         587.016 0 1
         587.046 0 0
         588.269 0 1
         588.903 1 1
         589.616 0 1
         589.721 0 0
         589.836 0 1
         589.995 1 1
         590.343 0 1
         590.411 0 0
         591.294 0 1
         591.563 1 1
         591.700 0 1
         591.816 1 1
         591.830 0 1
         592.012 0 0
         592.053 0 1
         592.670 0 0
         592.885 0 1
         593.172 0 0
         593.200 0 1
         593.526 0 0
         594.067 0 1
         594.545 1 1
         594.582 0 1
         594.848 0 0
         595.800 0 1
         595.995 0 0
         596.047 0 1
         596.405 0 0
         597.528 0 1
         597.720 0 0
         598.707 0 1
         599.337 0 0
         599.423 0 1
         599.466 0 0
         599.778 0 1
         599.991 1 1
         600.143 2 1
         600.152 1 1
         601.861 2 1
         602.036 1 1
         602.611 0 1
         603.222 0 0
         603.360 0 1
         603.385 0 0
         603.574 0 1
         604.011 0 0
         604.348 0 1
         604.690 1 1
         604.767 0 1
         604.799 0 0
         605.030 0 1
         605.138 0 0
         605.333 0 1
         605.544 1 1
         605.650 0 1
         605.879 1 1
         606.101 2 1
         606.159 1 1
         606.246 0 1
         606.346 1 1
         606.347 2 1
         606.425 1 1
         606.430 0 1
         607.537 1 1
         607.559 2 1
         607.670 3 1
         607.846 2 1
         607.988 1 1
         608.135 2 1
         609.385 1 1
         609.463 0 1
         609.625 0 0
         609.738 0 1
         609.976 0 0
         611.210 0 1
         611.228 0 0
         611.291 0 1
         611.374 0 0
         614.230 0 1
         614.294 1 1
         614.750 0 1
         615.192 0 0
         615.227 0 1
         615.512 0 0
         615.789 0 1
         616.156 0 0
         618.920 0 1
         618.967 0 0
         619.009 0 1
         619.383 0 0
         619.599 0 1
         619.618 1 1
         619.777 0 1
         619.895 1 1
         620.218 0 1
         620.804 0 0
         622.335 0 1
         622.431 0 0
         622.799 0 1
         622.915 0 0
         624.664 0 1
         624.679 0 0
         630.025 0 1
         630.445 0 0
         630.480 0 1
         630.861 0 0
         631.464 0 1
         631.516 0 0
         632.555 0 1
         633.733 0 0
         634.262 0 1
         634.521 0 0
         635.378 0 1
         635.459 1 1
         636.495 2 1
         636.733 1 1
         636.863 0 1
         637.317 0 0
         638.236 0 1
         638.507 1 1
         638.567 0 1
         638.755 1 1
         638.789 0 1
         638.940 0 0
         644.482 0 1
         644.661 0 0
         645.088 0 1
         645.614 0 0
         647.571 0 1
         648.100 1 1
         648.844 0 1
         649.204 0 0
         649.861 0 1
         650.414 1 1
         650.596 2 1
         650.770 1 1
         650.781 0 1
         650.812 0 0
         652.333 0 1
         652.490 1 1
         652.546 0 1
         652.741 0 0
         653.013 0 1
         653.828 1 1
         654.398 0 1
         654.560 0 0
         655.385 0 1
         655.566 0 0
         656.103 0 1
         657.238 0 0
         659.303 0 1
         659.558 1 1
         659.795 0 1
         659.995 1 1
         659.995 0 1
         660.227 0 0
         660.835 0 1
         660.916 1 1
         662.533 2 1
         662.614 1 1
         663.027 2 1
         663.310 3 1
         663.501 2 1
         663.523 3 1
         663.963 2 1
         664.223 1 1
         664.569 2 1
         664.742 1 1
         666.673 0 1
         667.027 0 0
         670.255 0 1
         670.326 0 0
         670.907 0 1
         671.127 0 0
         672.726 0 1
         673.099 1 1
         674.313 0 1
         674.598 1 1
         675.018 0 1
         675.024 0 0
         675.710 0 1
         676.582 1 1
         677.207 2 1
         677.449 1 1
         677.452 0 1
         678.071 1 1
         678.505 0 1
         678.510 1 1
         678.761 2 1
         679.005 3 1
         679.006 2 1
         680.008 1 1
         680.252 2 1
         680.833 1 1
         680.837 2 1
         680.865 1 1
         681.086 0 1
         681.095 0 0
         682.006 0 1
         682.388 0 0
         683.303 0 1
         683.305 1 1
         683.323 0 1
         684.040 1 1
         684.310 0 1
         684.454 0 0
         684.719 0 1
         685.299 1 1
         685.692 0 1
         685.921 1 1
         685.940 0 1
         686.148 1 1
         686.540 0 1
         686.552 1 1
         686.681 0 1
         686.908 1 1
         687.104 2 1
         687.220 3 1
         687.997 4 1
         688.295 3 1
         688.304 2 1
         688.474 1 1
         688.655 0 1
         689.548 0 0
         691.547 0 1
         691.635 1 1
         691.923 0 1
         693.243 1 1
         693.615 0 1
         693.781 0 0
         693.927 0 1
         694.037 0 0
         695.116 0 1
         695.385 0 0
         695.531 0 1
         695.575 0 0
         696.280 0 1
         696.314 1 1
         696.325 0 1
         696.483 0 0
         696.641 0 1
         696.699 1 1
         696.792 0 1
         696.854 0 0
         697.865 0 1
         697.986 0 0
         699.351 0 1
         699.383 0 0
         699.816 0 1
         699.935 0 0
         700.474 0 1
         700.640 0 0
         701.937 0 1
         701.941 0 0
         702.659 0 1
         703.097 1 1
         703.311 0 1
         704.396 0 0
         704.535 0 1
         704.691 0 0
         705.331 0 1
         705.340 0 0
         707.218 0 1
         707.260 0 0
         707.886 0 1
         707.954 0 0
         708.146 0 1
         708.367 0 0
         708.900 0 1
         709.070 0 0
         709.203 0 1
         709.385 1 1
         709.554 0 1
         709.800 0 0
         709.978 0 1
         710.035 1 1
         710.189 0 1
         710.521 0 0
         711.616 0 1
         712.509 0 0
         712.821 0 1
         712.978 0 0
         713.165 0 1
         713.250 0 0
         713.489 0 1
         714.171 1 1
         714.316 2 1
         714.974 1 1
         715.078 2 1
         715.252 1 1
         715.308 2 1
         715.754 1 1
         716.091 2 1
         716.343 3 1
         716.627 4 1
         716.700 3 1
         716.802 2 1
         717.562 1 1
         718.144 0 1
         718.263 0 0
         719.358 0 1
         719.505 1 1
         719.590 0 1
         719.602 0 0
         720.078 0 1
         720.215 0 0
         721.568 0 1
         721.802 0 0
         722.018 0 1
         722.364 0 0
         722.660 0 1
         723.083 0 0
         724.383 0 1
         724.406 1 1
         725.032 2 1
         725.167 1 1
         725.176 0 1
         725.296 0 0
         727.533 0 1
         727.779 0 0
         729.525 0 1
         729.573 1 1
         729.717 2 1
         729.769 1 1
         729.952 2 1
         730.809 1 1
         731.801 2 1
         732.090 1 1
         732.485 2 1
         732.683 3 1
         732.873 4 1
         733.158 5 1
         733.397 4 1
         733.445 3 1
         733.476 2 1
         733.508 3 1
         733.545 2 1
         733.911 1 1
         733.967 0 1
         734.142 0 0
         734.455 0 1
         734.727 1 1
         734.791 2 1
         734.916 1 1
         735.076 2 1
         735.086 1 1
         735.470 0 1
         735.657 0 0
         736.902 0 1
         737.178 0 0
         738.000 0 1
         738.700 1 1
         738.768 0 1
         738.993 0 0
         739.478 0 1
         739.533 0 0
         740.116 0 1
         740.530 0 0
         740.717 0 1
         741.989 1 1
         742.083 0 1
         742.717 1 1
         743.166 0 1
         744.606 0 0
         745.511 0 1
         747.060 0 0
         749.884 0 1
         750.153 0 0
         750.806 0 1
         750.978 0 0
         752.418 0 1
         753.922 1 1
         754.150 2 1
         754.322 3 1
         754.434 4 1
         754.603 3 1
         754.885 2 1
         755.159 3 1
         755.295 4 1
         755.434 3 1
         755.653 4 1
         756.284 3 1
         757.014 2 1
         757.086 1 1
         757.405 0 1
         757.768 0 0
         764.579 0 1
         764.807 0 0
         765.204 0 1
         766.038 0 0
         766.406 0 1
         766.529 0 0
         767.554 0 1
         767.867 0 0
         768.521 0 1
         768.614 0 0
         770.920 0 1
         771.072 0 0
         771.439 0 1
         771.607 0 0
         771.979 0 1
         772.295 1 1
         773.122 2 1
         773.259 1 1
         773.333 0 1
         773.414 1 1
         773.464 2 1
         773.477 1 1
         773.666 0 1
         774.809 1 1
         775.328 0 1
         775.685 1 1
         776.547 0 1
         776.580 0 0
         777.036 0 1
         778.396 0 0
         778.900 0 1
         778.945 1 1
         779.149 0 1
         780.004 0 0
         780.037 0 1
         780.200 0 0
         780.486 0 1
         780.536 0 0
         780.892 0 1
         780.935 0 0
         781.100 0 1
         781.192 0 0
         782.053 0 1
         782.316 0 0
         786.437 0 1
         786.794 1 1
         786.844 0 1
         787.542 1 1
         788.421 0 1
         789.018 0 0
         789.089 0 1
         790.129 1 1
         790.211 2 1
         791.150 1 1
         791.213 0 1
         791.601 0 0
         794.457 0 1
         794.762 0 0
         794.845 0 1
         795.729 0 0
         795.825 0 1
         795.829 1 1
         796.172 0 1
         796.791 0 0
         798.530 0 1
         799.793 0 0
         801.374 0 1
         801.403 0 0
         803.083 0 1
         803.356 0 0
         803.504 0 1
         803.793 0 0
         805.112 0 1
         805.906 0 0
         810.027 0 1
         810.127 1 1
         810.290 0 1
         810.830 0 0
         811.790 0 1
         811.935 1 1
         811.995 0 1
         812.173 1 1
         812.321 0 1
         812.546 0 0
         812.624 0 1
         813.609 1 1
         814.945 0 1
         815.165 0 0
         818.297 0 1
         818.652 0 0
         819.424 0 1
         820.414 1 1
         820.625 0 1
         820.693 0 0
         820.718 0 1
         820.755 0 0
         824.682 0 1
         824.839 0 0
         825.324 0 1
         825.652 0 0
         827.230 0 1
         827.478 1 1
         827.937 0 1
         828.076 0 0
         829.230 0 1
         829.234 0 0
         830.015 0 1
         830.145 0 0
         830.273 0 1
         830.530 0 0
         831.998 0 1
         832.143 0 0
         832.446 0 1
         832.815 1 1
         833.936 0 1
         834.708 1 1
         835.014 0 1
         835.038 1 1
         835.466 0 1
         835.580 0 0
         835.616 0 1
         835.852 1 1
         836.130 2 1
         836.229 1 1
         836.711 2 1
         837.897 1 1
         837.943 0 1
         838.251 1 1
         838.355 0 1
         838.369 0 0
         839.399 0 1
         839.400 1 1
         839.420 0 1
         839.853 1 1
         840.567 0 1
         841.041 1 1
         841.140 0 1
         841.358 1 1
         841.505 0 1
         841.604 1 1
         841.823 0 1
         842.190 0 0
         843.232 0 1
         843.840 1 1
         843.975 0 1
         844.122 1 1
         844.263 0 1
         844.772 0 0
         846.352 0 1
         846.498 0 0
         848.342 0 1
         848.354 1 1
         848.952 0 1
         849.035 0 0
         849.098 0 1
         849.449 0 0
         849.668 0 1
         850.076 1 1
         850.340 0 1
         851.624 0 0
         852.085 0 1
         852.182 0 0
         853.253 0 1
         853.279 0 0
         853.575 0 1
         853.662 1 1
         853.887 0 1
         855.052 1 1
         855.322 0 1
         856.550 1 1
         856.573 0 1
         856.669 0 0
         858.801 0 1
         859.082 0 0
         860.051 0 1
         860.198 1 1
         862.004 0 1
         862.580 0 0
         863.921 0 1
         864.013 0 0
         865.436 0 1
         865.729 1 1
         866.039 2 1
         866.192 1 1
         867.447 2 1
         867.503 1 1
         867.617 0 1
         867.739 1 1
         868.281 0 1
         868.295 0 0
         868.929 0 1
         869.026 0 0
         869.681 0 1
         869.736 0 0
         869.929 0 1
         869.938 1 1
         870.481 2 1
         870.511 1 1
         870.596 2 1
         870.605 3 1
         870.787 2 1
         871.544 3 1
         871.558 2 1
         871.791 1 1
         871.821 0 1
         872.468 0 0
         872.902 0 1
         873.294 0 0
         878.530 0 1
         879.163 0 0
         882.156 0 1
         882.445 1 1
         883.231 2 1
         883.389 1 1
         883.433 0 1
         883.663 0 0
         883.775 0 1
         884.090 0 0
         885.265 0 1
         885.305 0 0
         886.748 0 1
         886.852 0 0
         886.875 0 1
         887.147 1 1
         887.263 0 1
         887.314 0 0
         893.050 0 1
         893.324 0 0
         894.007 0 1
         894.063 0 0
         894.428 0 1
         894.471 0 0
         895.485 0 1
         897.208 0 0
         897.696 0 1
         897.844 0 0
         897.948 0 1
         898.110 0 0
         902.346 0 1
         902.509 0 0
         902.631 0 1
         902.983 0 0
         904.202 0 1
         904.291 0 0
         907.246 0 1
         907.561 0 0
         911.335 0 1
         911.505 0 0
         911.663 0 1
         912.712 0 0
         912.775 0 1
         913.474 0 0
         913.624 0 1
         914.240 0 0
         914.498 0 1
         914.573 0 0
         914.697 0 1
         914.823 1 1
         915.205 2 1
         915.441 1 1
         915.700 2 1
         916.070 1 1
         916.077 0 1
         916.137 0 0
         916.167 0 1
         916.736 1 1
         917.035 2 1
         917.280 1 1
         917.285 0 1
         917.413 0 0
         917.651 0 1
         917.708 0 0
         917.760 0 1
         917.784 0 0
         918.350 0 1
         918.396 0 0
         920.638 0 1
         920.838 0 0
         921.626 0 1
         921.673 1 1
         922.047 0 1
         922.538 0 0
         922.660 0 1
         922.974 0 0
         923.683 0 1
         923.859 0 0
         925.909 0 1
         925.975 0 0
         926.655 0 1
         926.691 0 0
         927.760 0 1
         928.086 0 0
         928.869 0 1
         929.503 0 0
         929.782 0 1
         930.163 1 1
         930.318 2 1
         930.540 1 1
         931.164 2 1
         932.382 1 1
         933.004 0 1
         933.544 0 0
         934.263 0 1
         934.695 0 0
         935.545 0 1
         935.571 0 0
         936.824 0 1
         937.159 0 0
         938.276 0 1
         939.267 0 0
         939.288 0 1
         940.220 0 0
         941.635 0 1
         942.123 0 0
         944.108 0 1
         944.175 0 0
         944.244 0 1
         944.582 1 1
         944.604 0 1
         945.427 0 0
         945.760 0 1
         946.618 0 0
         947.791 0 1
         948.434 0 0
         948.498 0 1
         948.787 0 0
         949.437 0 1
         949.555 0 0
         950.292 0 1
         950.833 0 0
         951.099 0 1
         951.791 1 1
         952.017 0 1
         952.253 0 0
         952.814 0 1
         952.822 0 0
         953.223 0 1
         953.419 0 0
         953.678 0 1
         954.247 0 0
         954.367 0 1
         955.411 0 0
         960.873 0 1
         961.794 1 1
         961.817 2 1
         962.699 1 1
         962.828 0 1
         962.905 1 1
         963.140 2 1
         963.677 3 1
         963.881 2 1
         965.047 1 1
         965.149 0 1
         965.171 1 1
         965.655 0 1
         965.748 0 0
         966.434 0 1
         966.928 1 1
         967.078 0 1
         967.291 0 0
         967.681 0 1
         967.889 1 1
         968.132 2 1
         968.161 3 1
         968.759 2 1
         968.826 1 1
         968.879 0 1
         968.934 1 1
         969.023 0 1
         969.120 0 0
         969.252 0 1
         969.364 0 0
         969.750 0 1
         970.029 1 1
         970.550 0 1
         970.885 0 0
         972.793 0 1
         974.018 0 0
         977.478 0 1
         977.783 1 1
         977.823 0 1
         978.384 0 0
         978.457 0 1
         979.070 0 0
         979.176 0 1
         979.407 1 1
         979.517 2 1
         980.097 3 1
         980.438 2 1
         980.545 1 1
         980.581 0 1
         980.764 1 1
         982.257 2 1
         982.387 3 1
         982.989 2 1
         983.020 1 1
         984.243 0 1
         984.341 1 1
         984.557 0 1
         984.698 0 0
         985.062 0 1
         985.468 1 1
         985.510 0 1
         985.541 0 0
         986.847 0 1
         986.880 0 0
         987.930 0 1
         988.202 0 0
         989.848 0 1
         990.027 1 1
         990.109 2 1
         990.222 3 1
         990.229 2 1
         990.407 3 1
         991.081 4 1
         991.254 3 1
         992.294 2 1
         992.447 1 1
         993.111 2 1
         993.445 3 1
         993.455 4 1
         993.954 5 1
         994.041 6 1
         994.054 7 1
         995.599 6 1
         995.784 7 1
         996.520 6 1
         997.008 5 1
         997.487 4 1
         997.665 3 1
         997.788 4 1
         998.094 5 1
         998.711 6 1
         998.798 7 1
         998.892 6 1
         998.940 5 1
         998.975 4 1
         999.003 5 1
         999.319 4 1
         999.505 3 1
         999.645 4 1
         999.849 3 1
        1000.356 2 1
        1000.374 1 1
        1000.433 0 1
        1000.458 0 0
        1003.198 0 1
        1003.217 1 1
        1004.034 0 1
        1004.160 0 0
        1005.475 0 1
        1005.551 1 1
        1005.783 0 1
        1006.348 0 0
        1007.650 0 1
        1007.692 1 1
        1008.172 2 1
        1008.455 1 1
        1008.702 2 1
        1009.582 1 1
        1010.013 0 1
        1010.673 0 0
        1011.396 0 1
        1012.146 0 0
        1013.859 0 1
        1013.883 1 1
        1014.307 0 1
        1014.360 0 0
        1015.829 0 1
        1015.841 1 1
        1016.507 0 1
        1017.192 1 1
        1017.267 2 1
        1017.493 3 1
        1017.701 4 1
        1018.118 3 1
        1018.495 2 1
        1018.695 1 1
        1018.855 0 1
        1019.028 0 0
        1021.849 0 1
        1021.929 1 1
        1021.976 0 1
        1022.101 1 1
        1022.286 0 1
        1022.579 0 0
        1023.008 0 1
        1023.283 1 1
        1023.623 0 1
        1023.686 1 1
        1023.943 2 1
        1023.990 3 1
        1024.134 4 1
        1024.674 3 1
        1025.563 2 1
        1026.783 1 1
        1026.938 2 1
        1026.954 1 1
        1026.996 0 1
        1027.205 0 0
        1028.085 0 1
        1028.277 0 0
        1029.541 0 1
        1029.600 0 0
        1031.594 0 1
        1031.922 1 1
        1032.749 0 1
        1032.807 1 1
        1033.278 0 1
        1033.427 0 0
        1033.794 0 1
        1034.046 1 1
        1034.538 0 1
        1034.627 0 0
        1036.855 0 1
        1036.864 0 0
        1037.364 0 1
        1037.579 0 0
        1037.780 0 1
        1038.041 1 1
        1038.176 2 1
        1038.491 1 1
        1038.809 0 1
        1039.670 1 1
        1040.613 0 1
        1040.730 1 1
        1041.193 0 1
        1041.392 0 0
        1041.475 0 1
        1041.526 1 1
        1041.885 2 1
        1042.337 1 1
        1042.849 0 1
        1042.982 0 0
        1043.285 0 1
        1043.449 0 0
        1043.627 0 1
        1044.158 0 0
        1046.826 0 1
        1047.467 1 1
        1047.822 0 1
        1048.189 0 0
        1049.293 0 1
        1049.349 0 0
        1050.454 0 1
        1050.671 0 0
        1052.173 0 1
        1052.216 0 0
        1052.655 0 1
        1053.007 1 1
        1053.020 2 1
        1053.281 1 1
        1054.036 0 1
        1054.216 1 1
        1054.644 2 1
        1055.099 3 1
        1055.922 2 1
        1056.053 1 1
        1056.333 0 1
        1056.557 0 0
        1057.198 0 1
        1057.349 0 0
        1057.392 0 1
        1057.495 0 0
