Series de tiempo producidas por mm1.m 
3
time
longitud de la cola
ocupacion del servidor (OCUPADO=1,LIBRE=0)
           0.000 0 0
           0.122 0 1
           0.355 0 0
           1.026 0 1
           1.109 0 0
           1.979 0 1
           2.086 0 0
           2.620 0 1
           2.640 0 0
           3.553 0 1
           3.577 0 0
           7.055 0 1
           7.274 0 0
           7.392 0 1
           8.198 1 1
           8.264 0 1
           8.280 0 0
           8.378 0 1
           9.069 0 0
          10.380 0 1
          10.475 1 1
          10.576 0 1
          10.910 0 0
          10.948 0 1
          11.689 0 0
          16.608 0 1
          16.629 1 1
          16.682 0 1
          17.043 0 0
          20.871 0 1
          21.000 0 0
          21.747 0 1
          22.072 0 0
          22.464 0 1
          22.710 1 1
          22.727 0 1
          23.832 0 0
          24.778 0 1
          24.780 0 0
          25.190 0 1
          26.058 0 0
          26.250 0 1
          26.837 0 0
          28.940 0 1
          29.429 0 0
          30.035 0 1
          30.084 1 1
          30.199 0 1
          30.333 1 1
          30.440 0 1
          30.580 0 0
          30.765 0 1
          31.021 0 0
          32.676 0 1
          32.783 1 1
          32.983 2 1
          33.557 1 1
          33.579 0 1
          34.153 0 0
          35.653 0 1
          35.790 0 0
          40.911 0 1
          41.079 0 0
          42.087 0 1
          42.171 0 0
          44.601 0 1
          44.670 0 0
          44.932 0 1
          45.068 0 0
          45.068 0 1
          45.120 0 0
          45.470 0 1
          45.561 0 0
          45.666 0 1
          46.113 1 1
          46.357 2 1
          46.595 1 1
          46.670 2 1
          46.880 1 1
          46.994 2 1
          47.594 1 1
          47.707 2 1
          47.936 3 1
          48.024 2 1
          48.206 3 1
          48.660 4 1
          48.740 3 1
          48.982 2 1
          49.640 1 1
          49.644 0 1
          49.781 0 0
          50.123 0 1
          50.151 0 0
          50.852 0 1
          51.872 1 1
          51.925 2 1
          52.089 1 1
          52.295 2 1
          52.331 1 1
          52.406 2 1
          53.607 3 1
          53.642 4 1
          54.521 3 1
          54.779 2 1
          55.158 1 1
          55.324 0 1
          55.400 0 0
          55.924 0 1
          56.310 0 0
          57.608 0 1
          57.710 1 1
          57.984 2 1
          58.212 3 1
          59.371 4 1
          59.514 3 1
          59.866 2 1
          60.055 1 1
          60.084 0 1
          60.495 0 0
          60.816 0 1
          61.514 1 1
          61.974 0 1
          62.104 1 1
          62.389 0 1
          63.325 0 0
          63.812 0 1
          63.880 1 1
          63.882 2 1
          64.252 3 1
          64.291 4 1
          64.546 5 1
          64.808 4 1
          65.369 3 1
          65.674 2 1
          66.265 1 1
          66.463 0 1
          66.994 0 0
          71.776 0 1
          71.796 1 1
          72.296 0 1
          72.399 0 0
          75.732 0 1
          75.750 1 1
          76.315 0 1
          76.460 0 0
          76.720 0 1
          77.535 1 1
          77.542 2 1
          77.872 1 1
          78.165 2 1
          78.875 1 1
          78.948 0 1
          79.120 0 0
          80.196 0 1
          80.197 1 1
          80.297 0 1
          80.432 0 0
          80.443 0 1
          80.543 1 1
          81.579 0 1
          81.659 0 0
          82.095 0 1
          82.392 1 1
          82.547 0 1
          82.920 0 0
          83.580 0 1
          83.932 0 0
          85.513 0 1
          85.849 0 0
          86.147 0 1
          86.181 0 0
          87.628 0 1
          88.017 0 0
          88.286 0 1
          88.441 0 0
          88.539 0 1
          89.046 1 1
          89.972 0 1
          90.198 0 0
          91.677 0 1
          91.809 1 1
          92.102 0 1
          92.154 1 1
          93.430 0 1
          93.768 0 0
          96.113 0 1
          96.226 0 0
          96.253 0 1
          96.478 1 1
          96.814 2 1
          97.068 1 1
          97.188 0 1
          98.068 0 0
          98.351 0 1
          98.734 0 0
          99.930 0 1
         100.188 0 0
         102.527 0 1
         102.560 0 0
         104.182 0 1
         104.568 0 0
         105.361 0 1
         105.548 1 1
         105.891 2 1
         105.963 1 1
         106.107 0 1
         106.486 0 0
         108.487 0 1
         108.543 1 1
         110.622 0 1
         110.774 0 0
         111.459 0 1
         111.494 0 0
         111.912 0 1
         112.246 0 0
         112.686 0 1
         113.125 0 0
         113.543 0 1
         113.621 0 0
         114.489 0 1
         114.534 0 0
         114.684 0 1
         114.755 0 0
         114.863 0 1
         115.117 1 1
         115.283 0 1
         115.947 1 1
         116.030 0 1
         116.519 0 0
         120.276 0 1
         120.452 1 1
         120.901 0 1
         121.460 0 0
         121.710 0 1
         122.452 1 1
         122.454 0 1
         122.491 1 1
         122.741 2 1
         122.851 3 1
         123.045 2 1
         124.008 1 1
         124.223 2 1
         124.533 3 1
         124.545 2 1
         124.850 1 1
         125.141 0 1
         125.341 0 0
         127.919 0 1
         128.107 0 0
         128.457 0 1
         128.511 0 0
         128.723 0 1
         128.757 1 1
         128.773 0 1
         128.783 0 0
         130.480 0 1
         130.587 1 1
         131.853 2 1
         132.244 1 1
         132.492 0 1
         133.274 0 0
         133.525 0 1
         133.527 1 1
         134.349 2 1
         135.569 1 1
         135.807 0 1
         135.948 0 0
         136.257 0 1
         136.577 0 0
         137.528 0 1
         138.380 0 0
         138.691 0 1
         138.797 0 0
         138.940 0 1
         139.264 1 1
         139.753 2 1
         140.488 1 1
         140.757 0 1
         140.802 0 0
         140.846 0 1
         141.283 0 0
         141.537 0 1
         141.595 0 0
         141.761 0 1
         142.232 0 0
         142.427 0 1
         142.499 1 1
         142.761 2 1
         143.059 1 1
         143.079 2 1
         143.104 1 1
         143.163 0 1
         143.422 0 0
         145.322 0 1
         146.039 0 0
         149.738 0 1
         149.802 0 0
         151.829 0 1
         151.964 0 0
         152.035 0 1
         152.227 0 0
         152.246 0 1
         152.716 1 1
         152.745 0 1
         153.391 0 0
         154.312 0 1
         154.770 0 0
         155.042 0 1
         155.396 1 1
         155.610 0 1
         155.736 0 0
         158.423 0 1
         159.015 1 1
         159.715 2 1
         159.769 1 1
         159.894 2 1
         160.143 3 1
         160.156 2 1
         160.338 1 1
         160.345 0 1
         160.853 1 1
         160.866 0 1
         161.196 0 0
         161.327 0 1
         161.532 1 1
         161.685 0 1
         161.845 1 1
         161.856 0 1
         162.026 1 1
         164.114 0 1
         164.460 0 0
         165.054 0 1
         166.287 1 1
         166.517 2 1
         167.196 1 1
         167.782 0 1
         168.321 0 0
         169.216 0 1
         169.418 1 1
         170.124 2 1
         170.613 3 1
         171.596 4 1
         171.932 3 1
         171.987 2 1
         171.994 1 1
         172.035 0 1
         172.500 0 0
         173.214 0 1
         173.522 0 0
         173.626 0 1
         174.219 0 0
         175.181 0 1
         177.876 0 0
         179.494 0 1
         179.506 1 1
         179.598 0 1
         179.649 0 0
         179.767 0 1
         180.938 0 0
         181.856 0 1
         182.451 1 1
         184.373 0 1
         184.525 1 1
         184.796 2 1
         185.816 1 1
         185.981 0 1
         186.963 0 0
         187.435 0 1
         187.811 0 0
         187.920 0 1
         188.453 0 0
         188.593 0 1
         189.275 0 0
         191.061 0 1
         191.704 1 1
         192.042 0 1
         192.386 0 0
         193.821 0 1
         194.915 0 0
         195.073 0 1
         195.559 0 0
         195.766 0 1
         195.788 0 0
         197.073 0 1
         197.776 0 0
         197.854 0 1
         198.040 1 1
         198.451 0 1
         198.457 0 0
         201.444 0 1
         201.697 0 0
         202.179 0 1
         202.190 0 0
         202.840 0 1
         203.041 0 0
         204.237 0 1
         204.689 0 0
         206.157 0 1
         206.690 0 0
         208.108 0 1
         208.706 1 1
         209.688 0 1
         210.148 0 0
         210.167 0 1
         210.575 0 0
         212.282 0 1
         212.283 0 0
         215.249 0 1
         215.492 0 0
         215.614 0 1
         215.707 0 0
         216.096 0 1
         216.117 1 1
         216.284 2 1
         216.510 1 1
         216.943 0 1
         217.000 0 0
         217.208 0 1
         217.314 0 0
         218.270 0 1
         218.276 1 1
         218.394 0 1
         218.436 1 1
         218.601 0 1
         219.313 0 0
         219.738 0 1
         219.995 0 0
         220.591 0 1
         220.724 0 0
         221.459 0 1
         221.642 0 0
         225.120 0 1
         225.144 0 0
         225.403 0 1
         226.352 1 1
         226.843 0 1
         227.053 0 0
         227.332 0 1
         227.686 1 1
         227.739 2 1
         228.365 3 1
         228.459 4 1
         228.532 3 1
         228.693 2 1
         229.172 1 1
         229.225 0 1
         229.633 1 1
         230.566 0 1
         230.801 0 0
         230.961 0 1
         231.113 0 0
         231.346 0 1
         231.415 1 1
         231.589 0 1
         231.719 1 1
         231.815 0 1
         232.465 0 0
         233.490 0 1
         233.697 1 1
         233.944 0 1
         234.113 1 1
         234.152 2 1
         234.570 1 1
         234.587 0 1
         234.703 1 1
         234.849 2 1
         234.919 1 1
         235.626 0 1
         235.679 0 0
         236.339 0 1
         236.352 0 0
         236.683 0 1
         236.832 0 0
         237.460 0 1
         237.862 1 1
         238.911 2 1
         239.220 1 1
         240.620 0 1
         240.757 0 0
         241.411 0 1
         241.728 0 0
         241.877 0 1
         241.887 1 1
         242.474 0 1
         242.755 0 0
         243.598 0 1
         244.066 0 0
         244.361 0 1
         244.898 0 0
         247.958 0 1
         247.982 1 1
         248.233 0 1
         248.242 1 1
         248.467 0 1
         248.553 1 1
         249.417 0 1
         249.433 1 1
         249.556 2 1
         249.740 3 1
         250.754 2 1
         250.808 1 1
         250.895 2 1
         250.950 1 1
         251.117 0 1
         251.203 0 0
         252.775 0 1
         252.776 0 0
         253.019 0 1
         253.529 0 0
         253.553 0 1
         253.560 0 0
         254.537 0 1
         254.657 1 1
         255.379 0 1
         256.067 1 1
         256.078 0 1
         256.626 0 0
         257.816 0 1
         258.052 0 0
         258.717 0 1
         258.825 1 1
         258.911 0 1
         259.285 0 0
         260.853 0 1
         260.886 1 1
         261.201 0 1
         261.207 0 0
         261.810 0 1
         261.818 0 0
         262.073 0 1
         262.455 0 0
         263.504 0 1
         263.656 0 0
         266.846 0 1
         267.009 1 1
         267.176 0 1
         267.302 0 0
         268.950 0 1
         269.754 1 1
         269.849 0 1
         270.007 0 0
         271.114 0 1
         272.203 0 0
         273.906 0 1
         274.111 1 1
         274.207 2 1
         274.293 1 1
         274.316 2 1
         274.451 3 1
         275.080 2 1
         275.270 1 1
         275.290 0 1
         275.716 0 0
         275.889 0 1
         276.351 0 0
         277.637 0 1
         277.999 0 0
         278.036 0 1
         278.323 0 0
         278.997 0 1
         279.710 1 1
         279.929 0 1
         280.088 0 0
         280.139 0 1
         280.187 0 0
         285.746 0 1
         286.159 1 1
         286.952 2 1
         287.247 1 1
         287.624 0 1
         287.721 0 0
         288.759 0 1
         288.778 0 0
         288.922 0 1
         289.129 1 1
         289.587 0 1
         289.622 0 0
         290.708 0 1
         291.641 1 1
         292.095 0 1
         294.641 0 0
         294.769 0 1
         294.813 0 0
         294.971 0 1
         295.270 1 1
         295.766 0 1
         295.819 0 0
         296.721 0 1
         296.960 1 1
         297.570 0 1
         297.641 1 1
         298.969 0 1
         299.642 1 1
         299.781 2 1
         300.269 3 1
         300.872 2 1
         301.060 1 1
         301.350 2 1
         301.823 1 1
         302.231 0 1
         302.780 0 0
         302.814 0 1
         302.954 0 0
         304.136 0 1
         304.161 0 0
         305.012 0 1
         305.067 0 0
         305.191 0 1
         305.517 0 0
         306.556 0 1
         306.767 0 0
         307.645 0 1
         308.574 1 1
         308.792 0 1
         309.086 0 0
         309.346 0 1
         309.577 0 0
         310.542 0 1
         311.130 0 0
         311.188 0 1
         311.958 1 1
         312.198 0 1
         312.231 1 1
         313.072 2 1
         313.200 1 1
         313.224 2 1
         313.581 1 1
         314.475 2 1
         314.895 3 1
         314.945 2 1
         315.102 1 1
         315.125 0 1
         315.357 1 1
         315.623 0 1
         315.694 0 0
         318.024 0 1
         318.320 0 0
         319.246 0 1
         319.492 1 1
         319.949 2 1
         320.575 1 1
         322.435 0 1
         322.598 0 0
         323.140 0 1
         323.173 0 0
         323.261 0 1
         323.340 1 1
         323.401 0 1
         323.492 0 0
         324.314 0 1
         324.608 0 0
         324.690 0 1
         324.985 0 0
         327.142 0 1
         327.528 1 1
         327.567 0 1
         327.750 0 0
         329.343 0 1
         329.454 0 0
         329.998 0 1
         330.036 0 0
         330.249 0 1
         330.569 1 1
         331.369 2 1
         331.392 3 1
         331.424 2 1
         331.424 3 1
         331.643 2 1
         331.772 1 1
         332.225 0 1
         332.862 0 0
         333.802 0 1
         334.768 0 0
         335.287 0 1
         335.463 0 0
         337.664 0 1
         338.048 1 1
         338.055 0 1
         338.660 0 0
         338.679 0 1
         339.588 1 1
         339.619 0 1
         339.823 1 1
         340.427 0 1
         340.527 1 1
         341.024 0 1
         341.042 0 0
         342.438 0 1
         342.744 1 1
         342.766 0 1
         342.851 1 1
         342.940 0 1
         343.161 0 0
         343.780 0 1
         344.970 1 1
         345.014 0 1
         345.091 1 1
         345.141 2 1
         345.622 3 1
         345.896 4 1
         346.196 3 1
         346.373 4 1
         346.469 3 1
         347.621 2 1
         347.643 3 1
         347.785 2 1
         347.816 3 1
         347.883 2 1
         348.388 1 1
         348.425 2 1
         348.733 1 1
         349.467 0 1
         349.533 1 1
         349.718 0 1
         349.871 0 0
         352.583 0 1
         352.590 0 0
         353.301 0 1
         353.323 1 1
         353.396 2 1
         354.276 1 1
         354.435 0 1
         354.590 0 0
         357.543 0 1
         357.656 0 0
         360.232 0 1
         361.010 0 0
         361.023 0 1
         361.297 0 0
         361.330 0 1
         361.567 1 1
         362.545 2 1
         362.576 1 1
         362.795 0 1
         363.839 0 0
         364.150 0 1
         364.828 1 1
         365.274 0 1
         366.765 0 0
         368.365 0 1
         368.702 0 0
         370.065 0 1
         370.402 0 0
         370.499 0 1
         371.012 1 1
         371.044 0 1
         371.335 1 1
         371.989 2 1
         371.994 3 1
         372.112 2 1
         372.453 1 1
         372.553 0 1
         373.155 1 1
         373.157 0 1
         373.227 0 0
         373.499 0 1
         373.573 0 0
         373.920 0 1
         373.952 0 0
         373.996 0 1
         374.254 0 0
         374.403 0 1
         375.308 1 1
         375.408 0 1
         375.796 0 0
         376.506 0 1
         376.641 0 0
         377.192 0 1
         377.250 1 1
         377.305 2 1
         377.408 1 1
         378.060 0 1
         378.073 1 1
         379.394 0 1
         379.748 1 1
         379.837 2 1
         379.921 1 1
         379.927 0 1
         380.801 0 0
         384.123 0 1
         384.582 0 0
         385.032 0 1
         385.273 1 1
         385.373 0 1
         385.550 0 0
         385.849 0 1
         385.856 0 0
         387.103 0 1
         387.449 0 0
         388.598 0 1
         388.928 0 0
         389.442 0 1
         389.460 0 0
         392.502 0 1
         392.839 0 0
         395.224 0 1
         395.459 0 0
         395.573 0 1
         395.804 0 0
         397.054 0 1
         397.638 0 0
         398.930 0 1
         399.020 0 0
         399.362 0 1
         399.815 0 0
         403.396 0 1
         403.620 1 1
         404.313 0 1
         404.544 0 0
         404.783 0 1
         405.309 1 1
         405.449 2 1
         405.766 3 1
         406.238 2 1
         406.386 1 1
         407.002 0 1
         407.141 0 0
         409.867 0 1
         410.608 0 0
         412.133 0 1
         412.201 0 0
         412.851 0 1
         413.283 0 0
         413.397 0 1
         413.579 0 0
         413.604 0 1
         413.980 0 0
         414.422 0 1
         414.548 1 1
         414.641 0 1
         415.415 0 0
         416.470 0 1
         416.782 0 0
         418.542 0 1
         418.717 1 1
         419.256 0 1
         420.210 0 0
         422.518 0 1
         422.583 0 0
         423.261 0 1
         423.263 0 0
         423.408 0 1
         423.469 0 0
         423.686 0 1
         423.853 0 0
         424.684 0 1
         424.802 0 0
         425.937 0 1
         426.359 0 0
         427.520 0 1
         427.810 0 0
         427.984 0 1
         428.194 0 0
         429.385 0 1
         429.718 0 0
         431.407 0 1
         431.673 0 0
         432.702 0 1
         432.823 0 0
         434.017 0 1
         434.145 0 0
         435.923 0 1
         436.190 0 0
         436.577 0 1
         437.233 1 1
         437.558 0 1
         437.633 0 0
         438.386 0 1
         439.222 1 1
         439.343 2 1
         439.797 1 1
         440.420 0 1
         440.705 1 1
         441.168 0 1
         441.231 1 1
         441.375 2 1
         441.454 1 1
         442.054 0 1
         442.320 0 0
         442.891 0 1
         442.994 1 1
         443.214 0 1
         443.396 1 1
         443.409 0 1
         443.444 1 1
         443.645 0 1
         443.862 0 0
         444.225 0 1
         444.247 1 1
         444.271 2 1
         444.657 1 1
         444.928 2 1
         444.963 1 1
         445.045 0 1
         445.348 0 0
         445.898 0 1
         446.102 1 1
         446.259 0 1
         447.230 0 0
         448.255 0 1
         448.497 1 1
         448.911 0 1
         449.083 1 1
         449.910 0 1
         449.939 1 1
         450.167 2 1
         450.747 3 1
         451.007 4 1
         451.012 5 1
         451.337 4 1
         451.500 3 1
         451.501 2 1
         452.614 1 1
         453.006 0 1
         453.425 1 1
         453.776 2 1
         454.014 1 1
         454.959 2 1
         455.386 1 1
         456.210 0 1
         456.410 0 0
         456.709 0 1
         457.658 1 1
         458.037 0 1
         458.042 1 1
         458.115 0 1
         458.583 0 0
         460.375 0 1
         460.706 0 0
         461.353 0 1
         461.465 1 1
         461.575 0 1
         462.912 0 0
         463.058 0 1
         463.281 1 1
         463.395 2 1
         463.403 3 1
         463.488 2 1
         464.026 1 1
         464.317 2 1
         464.601 1 1
         464.844 0 1
         465.101 0 0
         465.327 0 1
         465.340 0 0
         465.705 0 1
         466.579 0 0
         466.976 0 1
         467.058 1 1
         467.650 0 1
         467.869 0 0
         468.038 0 1
         468.863 0 0
         469.189 0 1
         469.946 0 0
         470.645 0 1
         471.689 0 0
         473.178 0 1
         473.364 0 0
         473.798 0 1
         473.830 0 0
         474.127 0 1
         474.398 0 0
         478.927 0 1
         479.113 0 0
         479.514 0 1
         479.610 0 0
         479.787 0 1
         480.324 0 0
         480.426 0 1
         481.092 0 0
         483.110 0 1
         483.116 1 1
         483.357 2 1
         483.496 3 1
         483.587 2 1
         483.950 1 1
         484.035 0 1
         484.417 0 0
         485.959 0 1
         486.471 1 1
         486.744 0 1
         487.131 1 1
         487.426 2 1
         487.666 1 1
         487.882 0 1
         488.141 1 1
         489.235 2 1
         489.470 1 1
         490.072 2 1
         490.456 3 1
         490.628 2 1
         491.197 1 1
         492.671 0 1
         493.168 0 0
         494.063 0 1
         494.609 0 0
         495.021 0 1
         495.137 1 1
         495.738 0 1
         496.338 0 0
         497.650 0 1
         497.817 0 0
         499.365 0 1
         499.600 1 1
         499.847 2 1
         499.917 1 1
         500.100 2 1
         501.046 1 1
         501.211 2 1
         501.717 1 1
         501.771 0 1
         501.904 0 0
         502.157 0 1
         502.551 0 0
         503.566 0 1
         503.996 0 0
         504.867 0 1
         504.968 0 0
         505.225 0 1
         505.417 1 1
         505.679 0 1
         505.845 1 1
         506.620 0 1
         506.924 1 1
         507.188 2 1
         507.969 3 1
         508.594 2 1
         509.747 1 1
         509.769 0 1
         510.018 0 0
         511.103 0 1
         511.139 0 0
         512.502 0 1
         513.346 1 1
         513.446 2 1
         513.468 3 1
         513.887 4 1
         514.010 3 1
         514.206 4 1
         514.368 3 1
         514.583 4 1
         514.875 3 1
         515.208 2 1
         515.497 3 1
         515.506 4 1
         516.678 5 1
         516.753 4 1
         517.000 3 1
         517.402 2 1
         517.838 1 1
         518.039 2 1
         518.281 1 1
         518.376 2 1
         519.343 3 1
         519.419 2 1
         519.627 3 1
         520.041 4 1
         520.370 3 1
         520.529 2 1
         521.206 1 1
         521.481 2 1
         521.584 1 1
         521.635 2 1
         521.675 1 1
         522.214 0 1
         522.377 1 1
         522.520 0 1
         522.559 0 0
         522.955 0 1
         523.564 0 0
         524.248 0 1
         524.306 0 0
         524.738 0 1
         525.074 1 1
         525.539 0 1
         525.691 0 0
         527.298 0 1
         527.570 1 1
         527.738 2 1
         527.937 1 1
         528.174 0 1
         528.197 0 0
         528.209 0 1
         528.439 0 0
         529.429 0 1
         529.498 0 0
         530.061 0 1
         530.314 0 0
         530.598 0 1
         530.628 0 0
         531.315 0 1
         532.121 0 0
         532.375 0 1
         532.589 0 0
         534.697 0 1
         534.801 0 0
         535.198 0 1
         535.970 1 1
         536.381 0 1
         536.448 0 0
         538.246 0 1
         538.329 0 0
         541.047 0 1
         541.744 0 0
         541.837 0 1
         541.848 1 1
         542.123 0 1
         542.188 0 0
         543.360 0 1
         543.439 0 0
         543.678 0 1
         543.986 0 0
         545.406 0 1
         545.561 0 0
         546.156 0 1
         546.176 1 1
         546.359 0 1
         546.425 0 0
         546.557 0 1
         546.937 0 0
         547.235 0 1
         547.519 0 0
         548.642 0 1
         548.915 1 1
         549.174 0 1
         549.505 0 0
         549.719 0 1
         549.729 0 0
         551.569 0 1
         552.502 0 0
         552.777 0 1
         552.843 1 1
         552.974 0 1
         553.066 0 0
         553.692 0 1
         554.102 0 0
         555.456 0 1
         555.699 0 0
         555.741 0 1
         556.265 0 0
         557.110 0 1
         557.600 1 1
         557.653 0 1
         557.983 0 0
         558.052 0 1
         558.286 0 0
         558.707 0 1
         558.759 1 1
         558.765 2 1
         558.895 3 1
         559.364 4 1
         559.456 3 1
         559.500 2 1
         560.504 1 1
         560.521 0 1
         560.760 0 0
         560.916 0 1
         561.361 1 1
         561.597 2 1
         561.703 3 1
         563.066 2 1
         563.396 1 1
         563.632 0 1
         564.295 0 0
         567.832 0 1
         567.843 0 0
         568.751 0 1
         569.035 0 0
         569.943 0 1
         570.942 0 0
         571.475 0 1
         571.496 1 1
         572.245 0 1
         573.493 1 1
         573.717 0 1
         573.856 0 0
         574.822 0 1
         575.162 0 0
         575.653 0 1
         576.357 1 1
         576.386 2 1
         576.834 1 1
         577.242 2 1
         577.309 3 1
         577.489 2 1
         578.320 1 1
         578.820 2 1
         578.955 1 1
         579.212 0 1
         579.214 1 1
         579.280 2 1
         579.470 3 1
         579.685 2 1
         579.779 1 1
         580.253 0 1
         580.657 0 0
         582.441 0 1
         583.077 0 0
         587.133 0 1
         587.555 0 0
         588.364 0 1
         588.718 1 1
         590.158 2 1
         590.649 1 1
         591.071 2 1
         591.194 3 1
         591.866 2 1
         592.023 3 1
         592.217 4 1
         592.453 3 1
         592.591 4 1
         592.770 3 1
         592.824 2 1
         592.930 1 1
         593.402 0 1
         593.770 0 0
         594.320 0 1
         594.534 0 0
         594.818 0 1
         595.089 1 1
         595.220 0 1
         595.531 1 1
         595.855 0 1
         596.345 1 1
         596.552 0 1
         597.341 0 0
         598.231 0 1
         598.321 1 1
         598.501 0 1
         598.578 0 0
         598.687 0 1
         599.222 0 0
         599.407 0 1
         600.278 1 1
         600.473 0 1
         600.487 0 0
         600.935 0 1
         601.476 0 0
         602.046 0 1
         602.267 1 1
         602.964 0 1
         603.869 0 0
         604.105 0 1
         604.194 1 1
         604.232 0 1
         604.907 0 0
         605.038 0 1
         605.046 0 0
         605.512 0 1
         605.964 1 1
         606.206 2 1
         606.241 1 1
         606.354 0 1
         607.140 0 0
         611.889 0 1
         611.900 0 0
         613.501 0 1
         613.974 1 1
         614.949 0 1
         615.397 0 0
         615.924 0 1
         616.174 1 1
         616.831 0 1
         616.912 0 0
         619.816 0 1
         620.280 0 0
         621.191 0 1
         621.260 0 0
         621.566 0 1
         621.950 1 1
         622.500 2 1
         622.552 1 1
         622.879 2 1
         623.127 1 1
         623.531 0 1
         623.549 1 1
         623.858 0 1
         624.071 0 0
         624.554 0 1
         624.625 0 0
         624.691 0 1
         624.712 0 0
         625.327 0 1
         625.853 1 1
         627.206 0 1
         627.555 1 1
         627.586 0 1
         628.044 1 1
         628.571 0 1
         628.576 0 0
         629.596 0 1
         630.023 0 0
         630.705 0 1
         631.007 0 0
         632.627 0 1
         633.043 0 0
         635.013 0 1
         635.308 0 0
         637.494 0 1
         637.714 0 0
         641.521 0 1
         642.081 0 0
         642.457 0 1
         642.793 0 0
         643.786 0 1
         643.891 0 0
         644.572 0 1
         644.900 0 0
         645.333 0 1
         645.604 0 0
         646.927 0 1
         647.137 0 0
         647.441 0 1
         647.576 0 0
         647.984 0 1
         648.071 0 0
         649.794 0 1
         649.798 1 1
         650.002 0 1
         650.268 0 0
         651.891 0 1
         651.917 0 0
         653.814 0 1
         653.882 0 0
         654.112 0 1
         654.486 0 0
         655.917 0 1
         656.522 0 0
         656.976 0 1
         657.458 0 0
         660.191 0 1
         661.163 0 0
         662.216 0 1
         662.442 0 0
         663.178 0 1
         663.427 1 1
         663.603 0 1
         664.105 0 0
         665.191 0 1
         665.214 1 1
         665.348 2 1
         665.580 1 1
         665.988 0 1
         666.029 0 0
         667.231 0 1
         667.251 1 1
         667.616 0 1
         668.317 1 1
         668.397 0 1
         668.451 0 0
         669.468 0 1
         670.166 0 0
         672.118 0 1
         672.120 0 0
         676.037 0 1
         676.080 0 0
         678.339 0 1
         679.131 0 0
         680.349 0 1
         680.475 0 0
         682.156 0 1
         682.359 0 0
         682.735 0 1
         682.870 1 1
         682.933 2 1
         682.982 1 1
         683.116 0 1
         684.067 0 0
         684.187 0 1
         684.423 0 0
         684.666 0 1
         684.879 1 1
         685.239 0 1
         685.925 0 0
         685.932 0 1
         686.014 1 1
         686.108 0 1
         686.362 1 1
         686.713 2 1
         687.055 1 1
         688.528 0 1
         688.851 0 0
         689.320 0 1
         689.751 1 1
         690.047 0 1
         690.766 0 0
         691.716 0 1
         691.791 0 0
         691.851 0 1
         691.918 0 0
         692.279 0 1
         692.307 0 0
         692.316 0 1
         692.437 1 1
         692.626 0 1
         692.644 1 1
         693.335 0 1
         693.529 0 0
         693.654 0 1
         694.473 0 0
         695.279 0 1
         695.876 1 1
         697.277 0 1
         697.589 0 0
         697.702 0 1
         698.151 0 0
         698.550 0 1
         698.734 1 1
         699.120 2 1
         699.205 3 1
         699.374 2 1
         699.437 1 1
         699.868 0 1
         700.261 0 0
         702.280 0 1
         702.429 0 0
         702.762 0 1
         702.766 1 1
         702.799 0 1
         703.282 0 0
         706.724 0 1
         707.144 1 1
         707.636 2 1
         708.282 3 1
         708.508 2 1
         708.755 3 1
         709.493 2 1
         709.551 3 1
         709.647 4 1
         709.939 3 1
         710.560 4 1
         710.763 5 1
         710.768 4 1
         711.244 3 1
         711.411 2 1
         711.624 3 1
         711.662 2 1
         712.681 1 1
         713.181 0 1
         713.471 0 0
         714.127 0 1
         714.136 0 0
         714.428 0 1
         715.150 1 1
         715.396 2 1
         716.454 3 1
         717.672 4 1
         717.857 5 1
         718.353 4 1
         718.845 3 1
         719.067 2 1
         720.180 3 1
         720.757 2 1
         720.777 1 1
         720.980 0 1
         721.321 1 1
         722.203 0 1
         722.686 1 1
         723.177 0 1
         723.303 0 0
         723.968 0 1
         724.221 0 0
         724.314 0 1
         724.397 0 0
         727.547 0 1
         727.899 0 0
         729.018 0 1
         729.235 0 0
         732.522 0 1
         732.655 0 0
         733.438 0 1
         733.495 0 0
         734.395 0 1
         734.883 0 0
         735.292 0 1
         735.301 0 0
         737.717 0 1
         737.799 1 1
         738.104 0 1
         738.376 1 1
         738.382 2 1
         738.457 1 1
         739.131 0 1
         739.690 0 0
         742.044 0 1
         742.191 0 0
         744.141 0 1
         744.604 1 1
         744.954 0 1
         745.372 1 1
         745.616 0 1
         746.695 0 0
         750.993 0 1
         751.050 0 0
         751.575 0 1
         751.679 1 1
         751.753 0 1
         752.071 0 0
         753.132 0 1
         753.311 0 0
         753.349 0 1
         753.977 0 0
         761.147 0 1
         761.944 0 0
         762.914 0 1
         764.541 0 0
         765.272 0 1
         765.999 0 0
         766.205 0 1
         766.623 0 0
         768.388 0 1
         768.467 0 0
         769.654 0 1
         769.663 0 0
         773.012 0 1
         773.020 0 0
         773.057 0 1
         773.257 1 1
         774.488 2 1
         774.627 1 1
         774.813 2 1
         774.880 3 1
         775.659 4 1
         775.672 5 1
         775.757 4 1
         775.862 3 1
         776.554 4 1
         777.039 5 1
         777.362 4 1
         777.616 3 1
         777.947 4 1
         778.134 5 1
         778.348 4 1
         779.077 3 1
         779.437 2 1
         779.463 1 1
         780.803 2 1
         780.808 1 1
         781.592 0 1
         781.614 1 1
         781.698 0 1
         781.830 0 0
         782.299 0 1
         782.410 0 0
         783.802 0 1
         783.958 0 0
         787.065 0 1
         787.111 1 1
         787.615 0 1
         787.905 0 0
         788.227 0 1
         788.544 1 1
         788.745 2 1
         788.821 1 1
         788.954 2 1
         789.182 1 1
         789.793 2 1
         790.163 1 1
         790.346 2 1
         790.960 1 1
         791.219 2 1
         791.596 3 1
         791.755 2 1
         791.781 3 1
         792.384 2 1
         792.677 1 1
         792.770 2 1
         792.872 3 1
         793.219 2 1
         793.673 1 1
         794.233 0 1
         794.323 1 1
         794.697 0 1
         794.919 0 0
         795.594 0 1
         795.612 0 0
         796.828 0 1
         797.609 0 0
         797.731 0 1
         797.865 0 0
         801.460 0 1
         802.278 1 1
         802.638 0 1
         803.410 0 0
         807.970 0 1
         808.069 0 0
         808.208 0 1
         808.434 0 0
         810.116 0 1
         810.655 1 1
         810.906 0 1
         810.907 0 0
         811.004 0 1
         811.136 0 0
         811.198 0 1
         812.141 1 1
         812.986 2 1
         813.931 1 1
         814.052 0 1
         814.102 1 1
         814.444 2 1
         814.468 1 1
         814.495 2 1
         814.641 1 1
         815.205 0 1
         815.323 0 0
         816.475 0 1
         816.587 0 0
         817.720 0 1
         818.197 0 0
         819.258 0 1
         819.267 0 0
         819.328 0 1
         819.567 0 0
         819.614 0 1
         820.156 0 0
         822.503 0 1
         822.817 0 0
         823.931 0 1
         824.322 1 1
         824.689 0 1
         824.733 1 1
         824.891 2 1
         825.751 1 1
         825.995 0 1
         826.221 0 0
         826.675 0 1
         826.937 1 1
         826.978 0 1
         827.752 0 0
         827.835 0 1
         827.927 0 0
         828.301 0 1
         828.436 0 0
         828.572 0 1
         828.672 0 0
         828.926 0 1
         829.739 0 0
         830.599 0 1
         830.732 0 0
         832.152 0 1
         832.242 1 1
         832.885 0 1
         833.064 0 0
         833.300 0 1
         833.591 0 0
         837.382 0 1
         837.781 0 0
         837.882 0 1
         837.887 0 0
         841.375 0 1
         842.897 0 0
         844.569 0 1
         845.155 0 0
         846.740 0 1
         847.083 1 1
         847.752 2 1
         847.787 1 1
         847.970 0 1
         848.615 0 0
         850.093 0 1
         850.314 0 0
         850.865 0 1
         850.921 0 0
         854.150 0 1
         854.184 1 1
         854.968 0 1
         855.730 0 0
         856.056 0 1
         856.114 0 0
         856.645 0 1
         857.042 0 0
         857.790 0 1
         858.054 0 0
         858.583 0 1
         858.752 0 0
         858.921 0 1
         860.003 0 0
         860.288 0 1
         861.365 0 0
         862.508 0 1
         862.667 0 0
         863.554 0 1
         863.729 0 0
         864.517 0 1
         865.543 1 1
         866.628 0 1
         866.701 0 0
         867.344 0 1
         867.927 1 1
         869.026 0 1
         869.716 1 1
         869.910 0 1
         870.050 0 0
         872.053 0 1
         872.189 0 0
         873.466 0 1
         873.493 0 0
         874.085 0 1
         874.094 1 1
         874.111 2 1
         875.256 3 1
         875.627 2 1
         875.794 1 1
         875.828 0 1
         876.047 1 1
         876.127 0 1
         876.450 0 0
         878.187 0 1
         878.762 1 1
         879.020 0 1
         879.041 0 0
         879.931 0 1
         879.994 1 1
         880.210 2 1
         880.695 1 1
         880.800 0 1
         881.243 0 0
         881.527 0 1
         881.828 0 0
         882.000 0 1
         882.664 1 1
         883.512 2 1
         883.923 1 1
         885.783 0 1
         886.154 0 0
         887.414 0 1
         887.437 0 0
         888.055 0 1
         888.311 1 1
         888.786 2 1
         888.969 1 1
         889.078 2 1
         889.613 3 1
         889.686 4 1
         889.907 3 1
         890.029 2 1
         890.266 1 1
         890.441 2 1
         891.826 1 1
         892.203 0 1
         892.629 0 0
         892.985 0 1
         892.995 1 1
         893.054 2 1
         893.287 1 1
         894.179 0 1
         894.676 0 0
         895.272 0 1
         895.282 0 0
         895.650 0 1
         896.850 0 0
         898.608 0 1
         898.802 0 0
         901.121 0 1
         901.208 1 1
         901.731 2 1
         902.447 1 1
         902.460 0 1
         902.915 0 0
         903.210 0 1
         903.546 0 0
         903.872 0 1
         904.372 0 0
         904.394 0 1
         904.642 0 0
         906.581 0 1
         906.920 0 0
         907.221 0 1
         907.786 0 0
         909.182 0 1
         909.329 0 0
         909.856 0 1
         910.025 0 0
         910.176 0 1
         910.449 0 0
         911.045 0 1
         911.292 0 0
         912.411 0 1
         912.462 0 0
         912.884 0 1
         912.887 0 0
         913.384 0 1
         913.469 1 1
         913.539 2 1
         914.964 3 1
         914.980 4 1
         915.329 5 1
         915.645 6 1
         915.756 7 1
         916.160 6 1
         916.168 5 1
         916.290 4 1
         916.577 5 1
         916.585 4 1
         916.902 3 1
         918.064 2 1
         918.194 3 1
         918.473 2 1
         918.592 1 1
         918.707 0 1
         919.000 0 0
         919.368 0 1
         919.723 1 1
         920.789 0 1
         920.926 1 1
         921.023 2 1
         922.271 3 1
         922.311 2 1
         922.418 3 1
         922.782 2 1
         923.218 1 1
         923.228 0 1
         923.233 1 1
         923.482 0 1
         923.758 0 0
         924.856 0 1
         924.890 1 1
         925.052 0 1
         925.501 0 0
         928.825 0 1
         929.312 1 1
         929.485 2 1
         929.494 1 1
         930.244 0 1
         930.718 1 1
         930.987 0 1
         931.081 0 0
         931.980 0 1
         932.319 0 0
         932.573 0 1
         932.779 0 0
         933.079 0 1
         933.119 0 0
         933.612 0 1
         933.700 0 0
         934.307 0 1
         934.391 1 1
         934.547 2 1
         934.557 1 1
         934.926 0 1
         935.408 0 0
         936.132 0 1
         936.481 0 0
         936.990 0 1
         937.260 0 0
         939.415 0 1
         942.093 0 0
         943.274 0 1
         943.864 1 1
         944.223 2 1
         944.368 1 1
         944.510 2 1
         945.062 1 1
         945.080 0 1
         945.608 0 0
         945.899 0 1
         945.974 0 0
         946.646 0 1
         947.111 0 0
         948.839 0 1
         948.990 0 0
         948.998 0 1
         949.269 1 1
         949.547 2 1
         949.721 1 1
         950.108 0 1
         951.007 1 1
         951.653 2 1
         951.779 1 1
         951.832 0 1
         952.572 1 1
         952.714 0 1
         952.976 0 0
         956.272 0 1
         956.542 0 0
         956.833 0 1
         957.124 0 0
         957.908 0 1
         957.936 0 0
         958.830 0 1
         958.836 0 0
         958.962 0 1
         959.004 0 0
         959.900 0 1
         960.107 0 0
         960.682 0 1
         960.691 0 0
         961.333 0 1
         961.439 1 1
         961.564 0 1
         962.157 0 0
         962.498 0 1
         962.602 1 1
         963.617 0 1
         963.698 0 0
         963.818 0 1
         964.039 0 0
         964.134 0 1
         964.293 0 0
         965.450 0 1
         965.564 1 1
         965.787 0 1
         965.850 0 0
         966.156 0 1
         966.311 1 1
         966.412 0 1
         967.041 1 1
         968.318 2 1
         968.623 1 1
         968.718 0 1
         968.873 1 1
         968.893 0 1
         969.348 0 0
         969.946 0 1
         970.565 1 1
         970.777 0 1
         971.225 0 0
         971.398 0 1
         972.011 0 0
         972.979 0 1
         973.561 0 0
         974.341 0 1
         974.434 0 0
         974.942 0 1
         975.007 0 0
         976.154 0 1
         976.435 1 1
         976.716 0 1
         976.870 0 0
         977.790 0 1
         978.371 0 0
         978.616 0 1
         978.718 1 1
         978.798 0 1
         978.996 1 1
         979.459 0 1
         979.489 1 1
         980.338 0 1
         980.528 0 0
         981.373 0 1
         981.508 0 0
         982.897 0 1
         983.610 0 0
         985.601 0 1
         985.850 0 0
         986.638 0 1
         986.881 0 0
         987.523 0 1
         987.962 0 0
         988.363 0 1
         988.429 0 0
         988.697 0 1
         990.036 1 1
         990.443 0 1
         990.477 1 1
         990.540 0 1
         990.727 1 1
         990.897 2 1
         990.912 1 1
         991.409 0 1
         991.427 0 0
         992.314 0 1
         992.628 0 0
         993.071 0 1
         993.308 0 0
         995.989 0 1
         996.126 0 0
         996.397 0 1
         996.789 1 1
         996.805 2 1
         996.955 1 1
         997.056 0 1
         997.474 1 1
         997.521 0 1
         997.683 0 0
         998.204 0 1
         998.750 1 1
         998.955 0 1
         999.472 0 0
        1000.237 0 1
        1000.458 0 0
        1000.680 0 1
        1000.684 0 0
        1003.634 0 1
        1004.238 0 0
        1004.581 0 1
        1005.977 1 1
        1006.075 0 1
        1006.299 0 0
        1006.568 0 1
        1007.310 0 0
        1008.115 0 1
        1008.416 0 0
        1010.825 0 1
        1011.874 1 1
        1012.238 0 1
        1012.251 0 0
