CHACHASistema de cola con servidor simple


t = [
480.0
480.4552161465312
480.45586220852255
481.23821266528233
481.6397050153062
481.64375030825255
482.4997489513649
482.59706924340867
482.6095668389724
483.5471600784637
484.59280553909616
485.5317420897048
485.5576848582347
485.80764350308203
485.8446050046495
486.10111484358265
486.13037171991454
486.2000219545504
486.55220468351627
486.9549611903845
487.17103244645455
488.5424084928337
489.89620233514694
490.30452844380005
490.31299369563806
490.3999284288858
490.5395544244817
490.6163261397917
492.1936727742683
492.54254990453495
485.6197091757052
493.0949566142076
493.17673167125105
493.4221268798101
493.6686388340257
493.68475085158127
493.9897317911161
494.1294089566773
494.26586336288415
494.3761860215032
494.4369763316354
496.43092443154234
497.35510652908033
497.8202940795669
498.29189723230627
498.67013235671413
498.67053622507734
498.91134472130835
501.8481440382311
502.61307585130555
503.93204867597007
504.24066464228974
504.3374073208641
504.3682133956353
505.59574441079747
506.8445554458172
507.0021003305155
507.0486765958461
507.89926214094965
509.3776034550167
510.9067145581096
511.0670150084426
511.3505273596987
511.5529126532807
511.69251431162996
513.2697387992755
514.7244889627625
515.9857320246336
516.8945906094095
517.453324896983
518.1143364789547
518.3991185329987
518.5295420160943
518.5588693454553
518.8773825063329
519.4856615694489
521.1094855317493
522.020738669402
522.1291887418619
522.2209496054713
522.2549064691574
523.3399118216411
526.1399407339737
528.0027891460803
528.030146115459
528.4983454570553
528.5826619285546
528.6037639423679
529.5417370033061
532.1361021693398
532.30036924757
533.0169901360955
533.1114240523153
533.1207868001414
533.2291394958525
534.4460829577826
534.4541870198885
534.5997371585709
534.6356937562564
534.8760115336421
534.9866010411653
535.0101671229418
535.0186170621349
535.2369666231853
536.1513789949682
536.9180479878275
536.9873603581478
537.6104634503894
538.909906494018
539.4663324558526
540.2786802054939
540.3867039759759
540.5634461462897
540.9903015126173
541.0504349675883
541.0535099185968
541.5042532797839
543.2782009940119
543.605709158513
543.6448461599209
544.559534885474
544.6411811923258
544.7782777148442
544.9125289370197
545.3256586416339
545.359387700235
545.4522596918775
546.4422784639804
546.778885515257
547.604891459471
548.5584439095481
550.1540995934969
550.3337721194736
550.4318024591641
552.8242294502328
553.1002597382161
554.634896680086
554.8855931803404
554.9726591691652
555.2410560321943
555.317445644265
555.520734836802
556.8169734233953
557.4633902966286
557.5033113112041
557.5885969728001
558.2914652983784
558.6006764037312
558.6600816107931
558.7273492468638
559.8932014133944
559.9076178518814
560.3763444620607
560.3766199507996
561.7609651184301
561.7740902113601
564.2302238287899
564.9979808817103
567.1211146275034
567.5133532707639
567.7344784301964
568.170746413599
568.1979641183169
568.9670234484873
570.680703125278
571.2953012271503
571.486314244303
571.7941697991691
571.8094417199445
571.9090137294763
571.9407171430735
573.4499841890578
574.7906549237575
575.3831864874003
575.9726179168697
576.3170682881495
576.4793490842235
576.5577125285248
576.8448928906262
577.0640202016851
578.8315690385895
579.274418669883
579.7709926500071
579.9389872767722
580.3725353295653
580.398861175917
580.7490161199967
582.9047310637304
583.6706511423158
583.9942981787531
584.7920074390621
585.2489866966018
585.2848496367692
585.3176988901957
585.3439827346261
586.8596252372436
587.6024973625655
588.4509887417108
588.6960090375882
589.8964209906094
590.2990547223776
590.3043015640145
590.3218303333554
593.5207325743095
593.9137682069114
594.1590465233223
594.6181522473846
597.1897324657004
597.6307844840787
597.7207630239348
599.9575900617418
600.056801989368
600.499670751325
600.5280498961087
600.7781706000684
601.3369455016477
601.6664840961217
601.9451988144883
602.3177432132331
602.4791228581768
603.4259780479936
606.2365475849064
606.3314698057574
606.363188117221
606.9109482329437
607.4291441548112
608.190657664116
609.0795512195357
610.133086589196
610.726436402759
611.1605370041269
611.1641379822283
611.7362137619366
611.8921041652719
612.0791851816515
612.1423003238913
612.7216005805248
613.0944195229714
613.1845060185834
614.7465787471552
614.7791486032189
614.9015174468435
615.1926370613598
615.2303224974714
615.2952601039499
616.7408728411597
616.7499700127975
618.5571248348037
618.7426823150159
615.8709333660381
619.5195881214038
620.2988369913302
621.1421722039988
621.1587680666697
621.363765222704
621.4479382913188
622.2582550569923
622.4037465230019
622.4603060943941
623.5939293396907
623.9916467676768
625.1544972748852
625.4323466488116
625.4680722915323
626.2481766720449
628.6637028685404
629.7623143872005
632.1254363005368
632.9158513852636
633.2070644791921
633.2604534635503
633.5338999867906
633.9379633150744
633.9622975376827
636.2471157992833
637.2526583438295
637.8867225320413
638.5066209520958
638.7784064097757
640.334522390876
640.5377666284526
640.5517439116753
640.5630790383303
642.3412013598182
642.4522814158651
643.339818913288
643.7103575481489
643.7723095531608
643.9326133630179
644.1248782679663
644.1472169069846
644.160473318465
645.6688866817466
645.9822609591592
646.0094638705309
647.5758486183897
648.8388596239283
649.1211448959983
649.1475060449294
649.1541192019766
649.3452483689481
649.3492890067884
649.609619045134
649.7565777273588
650.4936255648098
650.513350821252
650.7626627622352
650.7693773641031
650.9852482628798
651.0277369764277
651.1896045460193
651.6238261220899
651.6462901902413
652.0554733067443
652.2748304339584
652.6448370273362
652.6932503556877
653.6925652225013
654.039356724103
654.242042568283
656.0413352608454
653.8685797141442
657.4743383025595
657.6443169714985
658.3990915131283
658.5175482630029
659.2637201694198
659.3183679612195
659.4418440675236
659.4952063774515
659.6979623689249
659.8238562401402
660.0845226962607
660.0913984210468
660.0923368390067
660.3585348236746
660.8301538483689
661.2494257910597
661.3372351987044
661.4383583881113
662.4200212199328
662.5503340991622
662.8156044777186
664.515068500485
664.8892093652843
664.9384939687035
664.9856513799771
666.7244373041126
666.8138949860454
666.9027061037058
667.4403776455168
667.5254297632042
668.0524755772835
668.5744930991367
669.4850502964101
670.1299469835009
673.8241322158713
673.9101536705099
675.5870535370855
675.703050704636
675.8339762186475
676.1983840416059
676.3796822859746
676.4103884658514
677.5990801424238
677.8696445306787
678.5189584913362
679.6113053954118
679.7199962063014
679.8244973952169
680.9227579153924
680.9744578388844
681.4494854819567
683.3823442105601
684.429799599614
684.648112318025
687.8742830783785
688.1868391014906
688.4519914074668
688.6078866237877
688.9270053477447
688.9597999871211
690.3391457515035
690.4932667422768
690.5708300643297
691.8933799100183
692.1130371739041
692.4445734994653
692.8118287332752
693.6421451703719
693.7107642894283
694.1685052220247
694.7934438557826
695.5683390919019
695.9456981761601
696.1613427379184
696.4574295431222
696.5740022392682
696.8438413715359
697.0139590136183
698.766447126417
699.0819141699701
699.1513867296584
699.5756906011535
701.2766632902577
701.4396597404684
701.519477133014
701.5707130940584
702.0295663967772
702.0305090809672
702.0400454190748
702.4623882239752
702.4728842485971
702.9053696855458
703.0060510253157
703.331192530325
703.3406005301588
704.7140333823554
705.335703363697
707.3234681595799
709.3266312140653
705.2602416435151
709.7905461885414
715.1169877886314
715.2540506424372
717.056824988797
717.2530052053644
717.5652683481799
719.7466511082949
720.1057253498797
721.3784499239903
728.4435903229808
728.8691052125445
728.951294285195
729.1599141676052
731.1738698208085
732.2109990316765
740.2842041724778
740.4704904343987
740.6456963183736
740.9281788002623
741.0803615627012
741.4692963996596
741.4951894851453
742.1320986110746
743.4893898010548
743.7384604464115
743.7795421007412
743.8134929852814
744.02353442073
744.0969614196027
744.3909143013492
744.5552362728208
744.82908128492
744.9001815906188
745.1908145069543
747.187598283083
749.0178580731377
749.1826418757693
746.6984412141717
749.2582947739373
751.1201091991982
751.6281869181649
751.7683832980873
751.7745324623245
752.2230735165552
752.479098857593
752.5984476519556
752.6601441896355
754.3347126256236
754.573104725671
754.6616174338394
754.7095773732816
754.7539563197771
754.7607542654237
754.9201901819283
755.293804493558
755.7519660473912
756.0899911023494
756.1194563321459
756.4278756115785
756.4455209959317
756.5149747833394
758.431538712279
759.9747179609031
760.2622417233538
760.4234006948369
757.8303878781486
760.4926623493153
760.4977000007989
760.791031949739
761.0899356712143
761.6531392012703
761.9297777234979
762.7251031173146
762.8640304973057
762.9598609929009
762.9871232229732
763.2625541735346
763.5269573012482
763.5891842834948
764.0633112601862
764.5093224904815
766.0598328687653
765.782196033689
766.1771339189282
766.3043709666738
767.5002475782511
768.6097707883767
769.1641927183513
769.7892038910655
770.1276591740522
770.1908595908362
770.3651961821593
771.0164852564775
771.436051197517
771.5411668271828
772.7234273111225
773.0103382964334
773.8217705372266
774.1958379531103
774.2331885710425
774.886026292848
776.1936849706186
776.678588886821
776.8690177505702
776.9811732807981
777.000542438571
777.9760438168669
779.5762677919273
779.7617999270367
779.9254287728834
779.970864861062
780.0747722007684
780.1880708939959
781.8570489114019
782.4570654907194
783.3536758799311
783.397687967979
786.7435803938989
787.1358929152791
789.7178279616938
790.4691740234531
790.8417154642236
791.7170150012079
792.4171237960669
792.4998696707635
792.6633626527841
793.8027785843577
794.5855651282496
798.6043034295806
800.5137063481859
802.5055404570891
804.0434601435124
806.1822337512426
807.9358274703271
815.084368170046
815.7194622162947
817.1179029988617
821.1723276426811
821.5584548490466
822.7330187085382
830.7110029504478
832.5543947498762
834.1691506425476
834.2683564253292
835.7446220585273
836.0463673570544
839.0791306967535
841.3696564928515
841.9589108054504
842.7046139980096
852.1186072771363
852.7339217564781
859.3521055296683
860.605850634063
861.7729499225485
861.821085851741
862.5137453492
863.6797265566311
866.8629642488244
867.3897812120982
868.4097211925312
869.0830858714204
872.6487862916915
875.9077272308623
881.1243661482264
882.7178755036562
883.3381442226429
884.6583313968054
885.7775717823155
886.4296489052987
886.5073208164711
888.3508264343583
890.9663863913671
891.8947191735642
892.1310283573846
892.5486004916155
892.5626461481894
892.9254907156509
892.9854184607415
894.8756747806415
900.5045900230255
900.5585288793908
902.2510720470086
902.4306603074536
907.029728956944
907.6442261340964
909.5565505299878
910.0785948464156
910.77680414661
913.8969788710159
915.3933245081564
916.8994721388634
917.0097104658735
920.1591983758993
925.368567139779
927.3507411347265
930.6030680786419
930.9211011821716
937.6205013082804
938.9003657931086
942.7831259436402
944.6383899073535
945.6822493452252
946.3595415750634
948.265135257953
948.6263362302792
950.9586807194507
953.5078758305541
957.926403820964
958.9371754028701
963.3714564665153
969.5925611151342
970.8925492289984
977.1625001491207
978.4573368514132
992.663273134087
995.1573896412456
999.0601951645392
999.8950045164914
1004.8682892301673
1008.665797363157
1009.0757414280749
1009.5581622735632
1014.6438259773942
1041.3066590037315
1042.3458683241365
1044.6273948035011
1044.9822522155307
1045.894734009848
1048.236778227962
1048.4819045894405
1051.6609588014628
1052.754887957845
1053.325812651024
];
CHACHASistema de cola con servidor simple


t = [
480.0
480.3389844064163
482.2156391617498
482.32229539648694
483.177034962505
483.36048160385934
483.3772944300213
485.20827816593794
485.5652011196407
485.67712795065506
485.7073409655044
486.12147578199404
486.1475482156214
486.15419872949644
489.4772791502312
489.826477440462
491.10629595128154
491.2696818292395
491.5616566596508
491.5675432490049
492.25272704662245
492.53678559158004
492.60469604436355
493.59892796460736
494.2800322905228
495.10409826481254
495.16584760037665
495.2228611392536
495.46283429657507
495.73089477776415
495.7463206711924
496.0974610860885
496.76200749219356
497.08372805377945
497.1121308748456
498.1115251552809
498.25032626686334
498.3426653491665
498.3551166414801
498.49642228431526
498.5542188383066
498.77059745558427
500.76479503224147
501.1120504540254
501.55278799750096
501.9037810804464
502.550421061247
502.75971243603834
500.3659183616993
502.8356990074012
502.925296399326
502.9627529582378
503.46020866055693
506.127532949997
506.8672412974085
507.38489550877745
508.80737843857094
509.48899114277725
509.563378099415
509.631765045602
509.78661367515497
509.8937271311147
510.22221822444817
510.3855386288844
510.38906687663757
513.3496085704877
513.3769714111896
515.3072162277307
515.89547696047
518.7960646990637
519.2812826763187
520.2302147935153
521.059921133752
521.5174215717221
522.3543963847803
522.7106417312608
524.5159658184496
524.6719828359646
524.7091098919523
524.7263182726994
526.1998254536612
526.3034433984735
526.3542341827973
527.0252940568066
527.27592012996
528.4545424076805
531.5644071789212
533.7583340154778
534.6611312231972
536.1159542955603
537.9559232278308
538.7887947874015
545.70334983044
546.1487550618705
546.2047322397503
549.1813307023571
551.7183176216882
563.6093091088356
564.3087504377675
567.4120824444466
567.7922139118343
567.7969434238438
568.7046064389093
569.6525786705447
571.1746153571464
572.5684915004739
572.8784244596122
572.8843331749645
572.9762805271951
573.1931350277396
573.198585705799
573.8446893978917
573.8564052623931
574.2594983703041
574.3498676727612
574.9685302858429
575.9484923880864
576.4877756359721
576.7528103948724
576.805322711736
576.8094498718024
577.0090463289354
577.0616805697168
577.9498651527789
579.3454650119616
579.9405203594755
581.9579547517399
576.5177461962022
583.4236747578587
583.5260217404615
583.9236639056818
584.2378783335818
584.6435950652819
584.8974191839941
585.2216887532747
585.3751470716794
585.5775245721181
585.8369729745118
585.8617321069086
586.0833331567367
586.1004076203777
587.1380206133709
587.4295863328426
588.2281857286818
589.3274770310027
589.5012120441957
589.5378641842931
589.655036123124
589.9120240911373
590.3075113883182
590.6598263293603
591.0691087497943
591.2512685404172
591.263703322955
591.8474289121714
593.1983519077102
594.5260842353083
594.6219205779687
594.7523635176403
594.9106621445388
594.9186848918486
595.9493456010213
596.0583520666837
596.2372757160615
597.1431059336484
597.1817249642306
597.3545491429809
597.4563966046503
597.5952417114751
597.969646980322
597.9706446267398
598.4048895893089
598.8330730527254
598.8437932493777
599.3418751856067
599.6664419916847
600.6078766951082
601.1401650949738
601.853058631085
602.0425813315696
602.0728092396314
602.4192054821059
602.9629483497466
603.2273780315355
604.5366028645199
604.7471294952733
604.8251066768956
605.5475213019085
605.9779293730081
606.2795673667591
606.2974463128817
607.4385191743426
607.8375739101738
608.0765511715989
608.4180927835323
608.4825259480642
610.1072296189207
611.4025523049737
611.6597353278469
611.977970988487
615.1711754396592
616.3386635966011
616.6126735199392
617.0657782045885
617.7190495258872
617.8740720934184
617.9146652432813
618.1014769719266
618.1146953845379
619.7345299998118
619.911767701492
621.2581661850638
621.9185040506345
623.3746702679051
623.7770785742807
625.0151090920613
626.3424196994297
626.7857410722534
627.5420830368861
628.9777766979453
631.0606483810493
631.2760940322275
632.6434808004562
633.3262924247639
634.7797911468025
635.2134252592776
635.2579270845683
635.7270444213052
637.7832584182607
637.9430587107119
637.974263338132
638.3353194002394
638.3706893059617
638.5738287139454
638.6622203121923
641.0421151410102
641.0919984853172
641.4531779691443
642.7677973216371
643.7319934212467
644.142227054576
644.8777696428327
645.6357894941731
646.1776537675117
646.8430202347753
647.0783050153901
647.1569905100218
647.8745564090867
648.1025807518251
648.1153023417072
648.6681760841566
648.8612055725498
648.966748736388
649.6549299116625
649.8547867016841
649.9297007197083
649.9316330615759
651.8491699159742
651.9188888771115
651.9798893623711
653.8494344450165
650.9800744998278
653.884952487189
654.0682041730113
654.1750767867981
654.2483217796405
655.7815490304041
656.0395807893104
656.8862496027992
657.6126657674245
661.4232053589034
662.5764396129028
666.9769834196096
666.996760803179
667.3349009261568
667.3919048076465
667.405909358108
667.7948701275363
667.9874365316808
668.1359017779305
669.1946269366985
669.7145668688398
670.9208870428226
671.144083608973
673.5233751084256
673.5399601580867
673.6382909455865
673.9995503881149
674.0109764749714
674.3131365045417
674.4426822068159
674.4498799235945
676.2437481717295
676.5999179715698
676.6236294151698
677.049546015873
678.3801553191674
678.4381823985244
678.6712143185927
678.7162945002523
679.0538131780871
679.9180571723527
681.0531102378461
677.9654455680183
682.1959454562005
684.1239272401773
685.7152653855107
685.8460093685143
685.893558542561
686.0176699043908
687.1508773415715
687.9588735015976
688.3248288090069
689.3303486166556
691.1023848427624
692.7358587704425
692.8670260241464
692.8840967758842
693.4450970787159
693.4692267398988
693.6627071850879
693.6812996401902
693.7683869223026
693.7842235174996
693.9200669936507
694.3912564142619
694.4273635206704
696.6957855882072
696.941434631933
697.9844634825988
698.1396068250668
698.6872663688166
698.7652730073271
699.1195845650773
699.2634913023495
699.3606897686524
699.5646005138357
699.8578732782596
699.8801812072334
700.0692933732496
700.4068841161546
700.6809302293254
700.7769997213467
701.0582042194261
701.0780159430391
701.0895160973844
701.4782560432623
701.5505002384438
701.6194220859669
702.6726401744629
703.0561496209048
703.2864713346197
704.0764443003524
704.1889505943087
704.4252967439138
704.4485910531773
704.6759404213004
705.1485028678669
705.6213658941003
706.1771641130233
706.4525757264267
706.6740041830064
696.7858088220067
706.8317545963959
706.8424455734779
707.5990144490954
707.8330260864363
708.0549406020218
708.3083182049503
708.7950909102318
708.8240642269959
709.8410874665572
710.4221788828263
710.4382275077348
710.8181849658132
710.8363983410856
712.3273288313721
712.858754102493
712.9275354666556
712.9437737391963
714.3299019354243
715.0055573838721
715.1275244441664
717.2689966962918
717.9855706091877
718.1359124214524
718.1366982961094
720.6068876868519
721.2603975603357
722.3129741916148
723.6965215329105
727.6998129540797
728.1818734764774
728.539043809855
729.2685829696721
729.2691823692343
729.3082633227926
729.4900331688751
729.7871860494672
731.5110774281685
731.983733315508
732.0844706938329
733.2719692866932
734.4876884338076
739.0617800431779
743.1543041999143
743.2786240352029
743.3055073236616
743.7672569285862
743.8981444188752
743.993541293039
744.499035795266
744.9173794970495
744.9208944251316
746.0767397037574
748.0746725231368
747.6929435218609
748.087082114265
748.1216022833884
750.374665696509
752.6210141759462
752.701637543915
753.895825592907
754.9587159646153
755.2649497328209
755.2786325291778
756.3040183979473
756.7011032891942
757.3179919254553
757.5304184725161
758.3761038850096
758.687283774267
759.3914001624817
760.6657278059931
760.9008897303403
761.0023068256346
762.5518363529912
763.0394169737903
763.6779922250289
764.8439886939668
764.9157797438039
767.8830780977403
768.1858617772796
768.2416566131217
768.6420080338131
768.6594613203508
770.542637027466
770.7536968089969
771.0365243589847
771.2152520700248
771.2478786958911
771.532282828844
772.2819015701439
772.8160258641723
773.1326361841367
774.6311837652511
776.1925834309982
776.5290368213559
778.2105528820597
779.2094467404385
779.7326266298667
780.5245218368412
781.9580102890227
790.4755119326132
793.3259733843219
793.7437667245728
796.6312245604604
798.9041202973943
801.850401670348
806.2014845288923
822.8739951839884
823.0853149869274
823.502833979715
823.8086917564409
827.1808233686249
828.314726673675
828.559517582933
829.2437440407014
829.896603240451
830.5382281750007
830.6331849732437
837.8033693120786
855.2389110470375
856.3425433037705
864.1274913178073
864.1328842743607
864.3479985493361
872.5718896154436
873.1712879234236
873.3475715288264
873.6703817777643
874.1019574036706
878.6370692584875
892.1892356458093
897.1386372700217
897.3303746846831
902.9983172624227
903.9662072286362
908.0606596996042
909.2656054101608
914.9386343995037
915.1037097468762
915.7636350741259
917.7437794158636
917.7920958332156
920.950189075471
920.96231571871
921.0447537948954
922.7656177919114
923.2229636840782
928.8670328486072
929.0829939608176
948.1486609778477
952.2879794371065
960.4776097052604
962.5342041357037
966.2145267583018
969.0325180135161
977.4028651127999
977.7453902407414
980.5894477796055
983.4089786069251
988.7105707880427
990.5382472939308
991.7974029669227
991.9652978026016
997.8294379004054
1000.5442924908702
];
