Series de tiempo producidas por mm1.m 
3
time
longitud de la cola
ocupacion del servidor (OCUPADO=1,LIBRE=0)
           0.000 0 0
           0.243 0 1
           1.527 0 0
           1.604 0 1
           1.630 0 0
           4.368 0 1
           5.236 1 1
           6.040 2 1
           6.068 1 1
           6.337 2 1
           6.424 1 1
           6.710 2 1
           6.721 3 1
           7.369 4 1
           7.536 5 1
           7.901 4 1
           8.061 3 1
           8.119 2 1
           8.537 1 1
           9.246 2 1
          10.127 1 1
          10.141 2 1
          10.429 1 1
          10.579 2 1
          10.591 1 1
          10.613 2 1
          10.883 3 1
          10.936 2 1
          11.148 3 1
          11.552 2 1
          11.907 1 1
          12.310 2 1
          13.917 1 1
          13.956 2 1
          13.968 3 1
          14.129 2 1
          14.496 1 1
          14.880 2 1
          16.784 3 1
          17.028 2 1
          17.826 1 1
          17.861 0 1
          17.919 1 1
          18.473 0 1
          18.635 1 1
          18.883 2 1
          19.040 1 1
          19.887 2 1
          20.206 1 1
          20.291 0 1
          20.482 0 0
          21.398 0 1
          21.552 0 0
          22.075 0 1
          24.318 0 0
          24.619 0 1
          24.754 1 1
          25.142 2 1
          26.014 3 1
          27.137 4 1
          27.341 3 1
          27.357 2 1
          27.983 3 1
          28.520 2 1
          28.877 3 1
          29.058 2 1
          29.301 1 1
          29.444 0 1
          29.854 1 1
          30.652 0 1
          30.880 0 0
          31.268 0 1
          33.213 1 1
          33.239 2 1
          33.546 1 1
          34.281 2 1
          34.503 1 1
          35.060 2 1
          35.314 1 1
          35.405 2 1
          35.740 3 1
          36.559 4 1
          36.593 3 1
          37.653 2 1
          39.421 3 1
          39.894 4 1
          40.049 3 1
          40.139 4 1
          40.194 3 1
          40.357 2 1
          40.664 3 1
          41.092 4 1
          41.235 5 1
          42.830 4 1
          42.908 5 1
          45.137 4 1
          45.515 5 1
          45.735 6 1
          45.772 5 1
          45.914 4 1
          46.672 3 1
          46.711 2 1
          47.944 1 1
          47.998 2 1
          49.427 3 1
          49.796 4 1
          50.244 3 1
          50.478 4 1
          50.636 5 1
          50.710 6 1
          51.592 5 1
          51.891 4 1
          51.937 3 1
          52.594 2 1
          52.751 3 1
          53.326 4 1
          53.752 5 1
          54.003 4 1
          54.387 5 1
          54.621 4 1
          56.008 3 1
          57.058 4 1
          57.353 5 1
          57.722 6 1
          57.731 7 1
          58.605 6 1
          59.755 7 1
          60.202 8 1
          61.003 9 1
          61.305 8 1
          61.383 7 1
          61.717 8 1
          62.036 7 1
          62.291 6 1
          63.931 5 1
          64.637 4 1
          65.142 3 1
          65.388 2 1
          65.449 1 1
          65.612 2 1
          65.958 3 1
          66.168 4 1
          66.432 3 1
          67.190 4 1
          67.240 3 1
          67.292 2 1
          67.682 3 1
          67.798 2 1
          68.243 3 1
          68.377 2 1
          68.679 1 1
          69.012 0 1
          69.320 1 1
          70.337 2 1
          70.670 1 1
          70.744 0 1
          71.191 1 1
          71.348 0 1
          72.007 0 0
          72.083 0 1
          72.330 0 0
          74.083 0 1
          74.890 0 0
          75.454 0 1
          75.768 1 1
          76.337 0 1
          76.834 0 0
          78.854 0 1
          78.985 0 0
          79.690 0 1
          79.890 0 0
          80.108 0 1
          80.333 1 1
          81.201 0 1
          81.631 1 1
          81.792 2 1
          82.136 1 1
          82.212 2 1
          82.381 3 1
          82.441 4 1
          82.718 5 1
          83.177 6 1
          83.816 5 1
          84.403 4 1
          84.659 3 1
          84.707 4 1
          84.883 3 1
          84.972 2 1
          85.954 1 1
          86.335 0 1
          86.433 0 0
          87.169 0 1
          87.209 1 1
          87.304 0 1
          87.483 1 1
          87.922 0 1
          87.952 1 1
          88.598 0 1
          88.822 0 0
          89.372 0 1
          89.483 1 1
          89.619 0 1
          89.940 0 0
          94.363 0 1
          94.563 1 1
          94.900 2 1
          95.699 3 1
          95.823 2 1
          96.417 1 1
          96.557 2 1
          98.516 1 1
          99.046 2 1
          99.909 3 1
         100.065 4 1
         100.147 3 1
         101.125 2 1
         101.464 3 1
         101.828 4 1
         101.973 3 1
         103.420 2 1
         103.428 3 1
         103.871 2 1
         104.671 1 1
         104.858 0 1
         105.728 0 0
         106.816 0 1
         107.097 1 1
         107.541 0 1
         107.928 1 1
         108.461 2 1
         108.776 1 1
         108.926 2 1
         109.728 1 1
         111.241 0 1
         111.601 0 0
         111.740 0 1
         112.764 0 0
         113.740 0 1
         113.939 1 1
         114.533 2 1
         115.037 3 1
         116.217 4 1
         116.223 5 1
         118.181 6 1
         118.339 5 1
         118.369 4 1
         118.529 5 1
         118.551 4 1
         118.976 5 1
         119.093 4 1
         119.569 5 1
         119.630 4 1
         120.137 3 1
         120.580 2 1
         120.744 1 1
         121.402 0 1
         121.434 1 1
         123.173 2 1
         123.557 3 1
         124.165 2 1
         124.798 1 1
         125.083 2 1
         125.107 3 1
         125.524 2 1
         126.402 1 1
         127.385 2 1
         127.550 3 1
         127.551 4 1
         128.599 3 1
         129.310 4 1
         131.162 3 1
         131.265 4 1
         132.577 3 1
         132.865 2 1
         132.951 1 1
         133.372 2 1
         133.787 3 1
         134.175 2 1
         134.184 1 1
         134.414 0 1
         134.501 0 0
         136.235 0 1
         136.387 1 1
         137.838 0 1
         137.862 0 0
         138.384 0 1
         138.735 0 0
         139.436 0 1
         139.474 0 0
         139.703 0 1
         140.089 1 1
         140.188 0 1
         140.249 0 0
         140.769 0 1
         141.075 0 0
         141.275 0 1
         141.708 0 0
         142.307 0 1
         142.370 0 0
         144.105 0 1
         144.628 0 0
         145.020 0 1
         145.126 0 0
         145.422 0 1
         145.585 0 0
         146.570 0 1
         147.381 1 1
         147.935 2 1
         148.051 3 1
         148.257 4 1
         148.399 3 1
         149.638 4 1
         149.941 3 1
         150.005 4 1
         150.135 3 1
         150.257 2 1
         150.332 1 1
         151.113 0 1
         151.227 0 0
         151.787 0 1
         152.054 0 0
         152.345 0 1
         152.741 0 0
         154.292 0 1
         154.641 1 1
         154.734 0 1
         154.981 0 0
         155.080 0 1
         155.508 0 0
         155.728 0 1
         155.919 0 0
         155.969 0 1
         156.463 1 1
         157.226 2 1
         157.252 3 1
         157.278 4 1
         157.545 3 1
         157.808 4 1
         158.971 3 1
         159.068 2 1
         160.053 1 1
         160.200 0 1
         160.407 0 0
         160.980 0 1
         161.220 1 1
         161.856 0 1
         162.618 1 1
         163.425 0 1
         163.536 1 1
         163.659 2 1
         163.738 1 1
         163.871 0 1
         164.451 0 0
         165.425 0 1
         165.533 1 1
         166.853 2 1
         167.270 1 1
         167.427 0 1
         167.434 1 1
         167.605 0 1
         167.860 1 1
         168.029 2 1
         168.665 1 1
         168.960 0 1
         169.898 0 0
         172.497 0 1
         172.806 0 0
         172.828 0 1
         173.078 1 1
         173.326 2 1
         173.477 3 1
         174.049 2 1
         174.384 3 1
         174.601 2 1
         174.664 3 1
         175.341 4 1
         175.532 3 1
         176.675 4 1
         177.057 3 1
         177.126 2 1
         177.204 3 1
         177.325 2 1
         177.358 3 1
         177.536 2 1
         177.701 3 1
         178.447 2 1
         178.805 3 1
         179.298 2 1
         180.233 3 1
         180.940 4 1
         181.579 5 1
         181.639 6 1
         182.100 7 1
         182.234 8 1
         182.302 9 1
         182.575 8 1
         184.467 9 1
         185.480 10 1
         186.457 9 1
         187.137 8 1
         187.655 7 1
         187.705 6 1
         188.266 5 1
         188.361 4 1
         188.454 5 1
         188.984 4 1
         189.601 3 1
         189.617 2 1
         190.009 3 1
         190.224 4 1
         190.890 3 1
         191.691 2 1
         192.040 1 1
         192.339 2 1
         193.164 3 1
         193.248 2 1
         194.253 3 1
         194.422 2 1
         195.019 1 1
         195.306 0 1
         196.247 1 1
         196.533 0 1
         196.826 1 1
         197.316 0 1
         197.686 1 1
         197.954 2 1
         197.955 1 1
         198.278 2 1
         198.324 1 1
         198.331 2 1
         198.653 3 1
         199.388 2 1
         199.484 1 1
         200.455 2 1
         200.547 1 1
         200.645 2 1
         201.006 1 1
         201.290 0 1
         201.631 1 1
         201.865 0 1
         202.345 0 0
         203.731 0 1
         203.878 0 0
         204.004 0 1
         204.017 1 1
         204.838 0 1
         206.666 1 1
         207.037 0 1
         208.099 1 1
         208.157 0 1
         208.290 0 0
         211.749 0 1
         211.983 0 0
         212.389 0 1
         212.542 1 1
         212.698 2 1
         212.843 1 1
         213.135 2 1
         213.289 1 1
         214.519 2 1
         215.326 3 1
         215.411 2 1
         215.690 1 1
         216.263 2 1
         216.497 3 1
         216.860 4 1
         217.882 3 1
         218.732 2 1
         218.739 3 1
         218.950 4 1
         219.580 3 1
         219.674 2 1
         220.751 1 1
         221.171 0 1
         221.530 0 0
         221.672 0 1
         221.696 1 1
         221.772 2 1
         222.314 1 1
         222.338 0 1
         223.356 1 1
         223.458 2 1
         223.826 1 1
         224.952 2 1
         225.234 3 1
         225.310 2 1
         225.615 3 1
         225.879 2 1
         225.905 3 1
         226.072 2 1
         226.428 3 1
         226.509 2 1
         226.636 1 1
         227.011 0 1
         227.035 0 0
         227.113 0 1
         227.279 1 1
         227.870 0 1
         227.883 1 1
         227.921 0 1
         228.024 0 0
         233.590 0 1
         233.950 0 0
         234.186 0 1
         235.358 1 1
         235.497 2 1
         236.652 3 1
         237.020 2 1
         237.276 1 1
         237.281 2 1
         237.537 3 1
         237.635 4 1
         238.142 5 1
         238.152 4 1
         238.291 3 1
         238.463 2 1
         238.749 3 1
         238.895 4 1
         239.251 5 1
         239.587 4 1
         240.044 3 1
         240.516 4 1
         240.771 3 1
         241.156 4 1
         241.774 3 1
         242.399 4 1
         242.674 3 1
         242.974 2 1
         243.827 1 1
         243.947 0 1
         244.248 1 1
         244.440 0 1
         244.475 0 0
         244.718 0 1
         245.683 0 0
         245.862 0 1
         245.905 0 0
         246.053 0 1
         246.982 0 0
         247.014 0 1
         247.180 1 1
         247.424 0 1
         247.447 0 0
         247.494 0 1
         247.932 1 1
         248.485 0 1
         248.873 0 0
         252.477 0 1
         252.903 1 1
         253.916 0 1
         254.232 0 0
         254.377 0 1
         254.517 0 0
         255.840 0 1
         256.216 0 0
         256.525 0 1
         256.788 1 1
         257.224 2 1
         257.413 3 1
         257.441 4 1
         257.712 5 1
         257.849 4 1
         257.971 5 1
         259.605 4 1
         259.849 3 1
         260.473 2 1
         260.647 3 1
         260.656 2 1
         260.756 3 1
         260.846 2 1
         261.327 1 1
         261.527 0 1
         262.294 0 0
         263.984 0 1
         264.153 0 0
         264.197 0 1
         264.230 0 0
         264.604 0 1
         264.676 1 1
         264.836 2 1
         265.070 1 1
         265.665 0 1
         265.711 0 0
         268.056 0 1
         268.224 0 0
         268.244 0 1
         268.585 0 0
         271.162 0 1
         271.207 1 1
         271.475 2 1
         272.026 1 1
         272.129 2 1
         272.311 1 1
         272.334 2 1
         272.387 3 1
         273.640 2 1
         274.778 1 1
         275.234 2 1
         275.398 3 1
         275.566 2 1
         275.922 1 1
         275.935 2 1
         275.962 1 1
         276.817 0 1
         276.846 0 0
         278.220 0 1
         279.131 0 0
         279.377 0 1
         279.711 1 1
         279.840 0 1
         280.125 0 0
         280.970 0 1
         282.016 0 0
         282.206 0 1
         282.476 0 0
         283.019 0 1
         283.563 0 0
         284.857 0 1
         286.667 0 0
         287.809 0 1
         287.816 0 0
         288.381 0 1
         288.679 0 0
         290.806 0 1
         291.245 0 0
         293.120 0 1
         293.664 1 1
         294.135 0 1
         294.192 0 0
         295.274 0 1
         295.524 0 0
         296.216 0 1
         296.726 1 1
         297.616 0 1
         298.067 0 0
         299.971 0 1
         301.594 1 1
         301.673 2 1
         303.520 1 1
         303.528 0 1
         303.939 0 0
         304.443 0 1
         304.561 1 1
         304.638 0 1
         304.667 0 0
         305.645 0 1
         306.537 0 0
         307.062 0 1
         307.330 0 0
         307.597 0 1
         308.026 1 1
         308.129 0 1
         308.613 0 0
         309.242 0 1
         309.687 1 1
         309.785 0 1
         309.827 1 1
         310.691 2 1
         310.747 1 1
         311.274 0 1
         311.285 0 0
         312.237 0 1
         312.589 1 1
         313.458 0 1
         314.142 0 0
         315.006 0 1
         315.084 1 1
         315.137 0 1
         315.426 0 0
         316.294 0 1
         316.368 0 0
         316.416 0 1
         316.436 1 1
         316.818 2 1
         316.911 3 1
         316.934 2 1
         317.336 1 1
         317.818 2 1
         319.328 1 1
         319.421 0 1
         319.875 0 0
         321.764 0 1
         321.969 0 0
         322.354 0 1
         322.655 1 1
         322.941 0 1
         323.074 0 0
         323.811 0 1
         325.014 0 0
         325.060 0 1
         325.482 1 1
         325.697 0 1
         325.844 0 0
         328.943 0 1
         329.637 0 0
         331.424 0 1
         331.458 1 1
         331.590 2 1
         331.775 3 1
         332.857 4 1
         333.341 5 1
         333.394 4 1
         333.526 3 1
         334.210 2 1
         334.443 3 1
         335.081 2 1
         336.441 3 1
         337.667 4 1
         337.897 3 1
         338.294 2 1
         338.298 1 1
         338.815 2 1
         339.432 1 1
         340.155 2 1
         341.662 3 1
         341.730 2 1
         341.885 1 1
         342.473 0 1
         343.476 0 0
         344.454 0 1
         344.649 1 1
         344.708 0 1
         344.732 0 0
         346.133 0 1
         346.684 0 0
         347.680 0 1
         347.831 1 1
         347.962 0 1
         348.218 1 1
         348.377 2 1
         348.470 3 1
         349.415 2 1
         349.643 3 1
         349.798 4 1
         350.871 5 1
         350.968 4 1
         350.992 5 1
         351.539 6 1
         351.757 7 1
         352.432 6 1
         352.768 5 1
         352.947 4 1
         353.014 3 1
         353.067 4 1
         354.219 5 1
         354.366 4 1
         354.466 5 1
         355.577 6 1
         356.831 5 1
         357.125 4 1
         357.467 5 1
         357.546 6 1
         357.661 5 1
         357.820 4 1
         357.974 3 1
         358.753 4 1
         359.090 5 1
         359.367 6 1
         360.908 7 1
         362.754 6 1
         362.763 5 1
         362.922 6 1
         363.033 7 1
         363.090 8 1
         363.093 9 1
         363.137 10 1
         363.625 11 1
         364.249 10 1
         364.644 9 1
         364.961 10 1
         365.879 11 1
         366.079 12 1
         366.651 13 1
         366.875 14 1
         366.961 15 1
         367.220 14 1
         367.822 15 1
         368.007 16 1
         368.108 15 1
         368.557 14 1
         368.654 13 1
         370.373 12 1
         370.708 11 1
         371.239 12 1
         371.543 13 1
         372.087 12 1
         373.217 11 1
         373.577 10 1
         373.968 9 1
         374.197 10 1
         374.387 9 1
         375.268 8 1
         376.370 9 1
         376.882 10 1
         377.808 9 1
         378.214 10 1
         378.997 9 1
         379.204 8 1
         379.228 7 1
         379.733 8 1
         380.518 9 1
         381.036 10 1
         381.374 9 1
         381.386 8 1
         381.744 7 1
         382.078 6 1
         382.318 7 1
         382.344 8 1
         383.479 7 1
         383.846 6 1
         384.371 5 1
         384.394 6 1
         384.742 7 1
         385.777 6 1
         385.976 7 1
         386.904 6 1
         387.940 7 1
         388.545 6 1
         389.012 7 1
         389.020 8 1
         389.075 9 1
         389.383 10 1
         389.401 11 1
         389.717 12 1
         391.440 13 1
         391.992 12 1
         392.338 11 1
         392.370 10 1
         392.882 11 1
         393.003 12 1
         393.854 13 1
         394.374 14 1
         395.266 13 1
         396.170 14 1
         396.459 15 1
         398.198 16 1
         398.781 15 1
         399.237 16 1
         399.243 17 1
         399.257 18 1
         399.875 17 1
         400.204 18 1
         400.466 17 1
         400.799 18 1
         401.004 17 1
         401.330 16 1
         402.237 17 1
         402.350 18 1
         402.998 19 1
         403.770 18 1
         403.830 17 1
         404.567 16 1
         405.426 17 1
         406.796 16 1
         406.954 17 1
         408.310 16 1
         408.518 17 1
         409.075 16 1
         409.381 17 1
         409.959 18 1
         410.366 19 1
         410.437 18 1
         410.642 19 1
         411.503 18 1
         412.124 19 1
         412.701 18 1
         413.131 19 1
         413.907 20 1
         414.320 21 1
         415.039 20 1
         416.146 21 1
         416.928 20 1
         417.242 19 1
         417.654 20 1
         418.408 21 1
         418.459 20 1
         418.655 19 1
         418.657 20 1
         419.653 19 1
         420.614 18 1
         421.169 19 1
         422.096 18 1
         422.275 17 1
         422.347 16 1
         423.679 15 1
         424.501 14 1
         424.544 13 1
         425.557 14 1
         425.655 13 1
         426.031 14 1
         426.513 13 1
         427.062 14 1
         428.197 13 1
         428.492 12 1
         428.964 11 1
         429.188 12 1
         430.871 11 1
         431.627 10 1
         432.492 11 1
         432.716 10 1
         432.950 11 1
         433.383 12 1
         433.571 11 1
         434.176 10 1
         434.519 9 1
         434.645 10 1
         434.752 9 1
         434.847 8 1
         438.549 7 1
         439.180 6 1
         439.264 7 1
         439.296 6 1
         439.622 5 1
         439.731 6 1
         439.762 7 1
         441.851 6 1
         442.710 7 1
         443.694 6 1
         444.133 5 1
         444.987 6 1
         445.300 7 1
         445.803 6 1
         446.303 5 1
         446.572 4 1
         446.711 5 1
         446.735 4 1
         447.142 3 1
         448.316 4 1
         448.416 5 1
         448.872 6 1
         449.469 5 1
         449.824 6 1
         450.360 7 1
         450.839 6 1
         450.940 7 1
         451.302 8 1
         451.308 7 1
         451.709 6 1
         451.943 5 1
         452.102 6 1
         452.169 5 1
         452.701 4 1
         453.652 5 1
         453.711 4 1
         453.984 3 1
         454.819 2 1
         455.576 3 1
         455.577 2 1
         455.832 1 1
         456.194 0 1
         457.144 0 0
         457.208 0 1
         457.289 1 1
         457.677 0 1
         457.909 1 1
         458.359 2 1
         458.462 1 1
         458.797 2 1
         459.112 1 1
         459.292 0 1
         459.719 0 0
         459.959 0 1
         459.998 0 0
         460.939 0 1
         461.087 0 0
         462.010 0 1
         462.034 0 0
         463.639 0 1
         464.568 0 0
         465.341 0 1
         465.547 0 0
         465.866 0 1
         466.078 0 0
         468.174 0 1
         469.611 0 0
         470.435 0 1
         470.444 0 0
         470.906 0 1
         471.439 1 1
         473.430 0 1
         473.598 0 0
         474.329 0 1
         474.334 1 1
         474.798 2 1
         475.021 1 1
         475.453 2 1
         475.761 3 1
         475.767 2 1
         476.315 1 1
         476.379 0 1
         477.892 1 1
         478.487 0 1
         479.394 0 0
         479.785 0 1
         480.148 1 1
         480.304 0 1
         480.535 0 0
         481.764 0 1
         481.778 0 0
         482.439 0 1
         482.996 0 0
         487.653 0 1
         487.723 0 0
         489.148 0 1
         490.270 0 0
         490.322 0 1
         490.737 0 0
         493.186 0 1
         494.187 0 0
         494.195 0 1
         494.518 1 1
         494.664 2 1
         494.722 3 1
         494.853 2 1
         495.207 1 1
         496.288 2 1
         496.814 3 1
         496.984 2 1
         497.982 3 1
         498.362 4 1
         498.609 5 1
         499.157 6 1
         500.170 7 1
         500.342 6 1
         500.510 5 1
         500.547 6 1
         501.798 7 1
         501.825 6 1
         501.899 7 1
         502.265 6 1
         502.469 7 1
         503.169 6 1
         503.379 5 1
         503.710 4 1
         504.579 3 1
         505.059 4 1
         505.645 5 1
         506.208 4 1
         507.412 5 1
         507.877 4 1
         508.058 3 1
         508.541 2 1
         509.387 1 1
         509.451 0 1
         509.489 1 1
         509.716 0 1
         510.368 0 0
         510.504 0 1
         510.704 1 1
         512.145 0 1
         512.434 0 0
         516.488 0 1
         516.839 1 1
         518.267 0 1
         518.304 0 0
         521.433 0 1
         522.408 0 0
         522.542 0 1
         522.768 1 1
         522.795 2 1
         523.526 1 1
         523.880 0 1
         524.426 1 1
         524.496 2 1
         525.158 3 1
         525.399 4 1
         525.838 5 1
         525.952 6 1
         525.964 5 1
         527.055 4 1
         527.126 5 1
         527.318 4 1
         527.606 3 1
         527.685 4 1
         527.754 5 1
         528.043 4 1
         528.747 5 1
         528.809 4 1
         528.842 3 1
         528.843 2 1
         529.016 1 1
         529.105 0 1
         529.123 0 0
         530.564 0 1
         530.666 1 1
         530.852 2 1
         531.031 3 1
         531.597 4 1
         531.668 3 1
         531.719 2 1
         534.247 1 1
         534.249 0 1
         534.849 0 0
         536.743 0 1
         537.219 0 0
         538.090 0 1
         538.115 0 0
         540.462 0 1
         540.663 0 0
         542.916 0 1
         543.165 0 0
         543.645 0 1
         544.234 1 1
         544.664 0 1
         545.147 0 0
         546.649 0 1
         546.660 1 1
         546.716 2 1
         547.011 3 1
         547.104 4 1
         547.195 5 1
         547.364 4 1
         547.551 5 1
         547.834 4 1
         548.713 5 1
         548.799 4 1
         549.718 5 1
         550.388 6 1
         550.396 7 1
         550.454 8 1
         550.853 9 1
         551.345 8 1
         551.686 7 1
         552.314 6 1
         552.771 5 1
         552.806 6 1
         553.101 7 1
         553.533 8 1
         554.604 7 1
         554.940 8 1
         555.100 9 1
         555.376 8 1
         556.633 9 1
         556.846 10 1
         557.093 9 1
         557.361 10 1
         558.320 11 1
         558.340 12 1
         560.443 11 1
         560.768 10 1
         561.272 11 1
         561.419 12 1
         561.701 11 1
         562.087 10 1
         562.200 11 1
         562.495 12 1
         562.514 13 1
         563.549 14 1
         563.781 13 1
         564.158 14 1
         564.558 13 1
         565.991 12 1
         566.483 13 1
         566.525 12 1
         566.726 11 1
         567.007 12 1
         567.439 11 1
         567.954 10 1
         568.278 11 1
         568.931 12 1
         568.945 11 1
         569.217 10 1
         570.249 11 1
         570.409 10 1
         571.508 9 1
         571.822 10 1
         572.139 9 1
         572.188 8 1
         572.589 9 1
         572.963 8 1
         574.240 9 1
         574.255 10 1
         574.643 11 1
         575.410 12 1
         575.806 13 1
         575.842 12 1
         576.460 11 1
         576.504 10 1
         576.778 9 1
         576.971 10 1
         577.040 9 1
         577.163 10 1
         577.252 11 1
         578.242 10 1
         579.015 11 1
         579.407 12 1
         580.046 11 1
         580.308 12 1
         580.490 13 1
         581.013 14 1
         581.191 15 1
         581.455 16 1
         581.633 17 1
         581.675 18 1
         581.833 19 1
         581.839 18 1
         582.116 17 1
         583.358 16 1
         584.206 15 1
         584.659 14 1
         584.755 13 1
         584.805 14 1
         585.197 15 1
         585.426 16 1
         585.501 17 1
         585.562 16 1
         586.422 17 1
         586.502 16 1
         587.974 17 1
         588.097 18 1
         589.096 19 1
         589.402 20 1
         589.778 19 1
         589.895 20 1
         590.358 19 1
         590.586 20 1
         591.103 19 1
         592.104 20 1
         592.784 19 1
         593.703 18 1
         593.810 19 1
         593.976 18 1
         594.713 19 1
         595.273 18 1
         595.294 17 1
         595.449 18 1
         595.770 19 1
         596.247 18 1
         596.358 19 1
         596.532 18 1
         598.689 17 1
         598.946 16 1
         599.677 17 1
         599.870 16 1
         600.259 15 1
         600.383 14 1
         600.395 15 1
         601.494 14 1
         602.228 15 1
         603.305 14 1
         603.527 15 1
         605.206 14 1
         605.335 15 1
         605.595 14 1
         605.711 15 1
         606.018 14 1
         606.294 13 1
         606.305 14 1
         607.394 13 1
         607.946 14 1
         608.019 13 1
         608.296 14 1
         608.604 13 1
         609.214 12 1
         609.223 13 1
         610.641 14 1
         611.523 15 1
         612.540 14 1
         612.753 15 1
         613.275 14 1
         613.496 15 1
         614.170 16 1
         616.672 17 1
         617.138 16 1
         617.394 15 1
         619.494 14 1
         619.515 15 1
         620.089 14 1
         620.824 15 1
         620.872 14 1
         621.196 15 1
         621.266 14 1
         621.474 15 1
         621.682 14 1
         621.760 13 1
         622.018 12 1
         622.339 11 1
         623.742 10 1
         623.932 11 1
         624.282 10 1
         624.937 11 1
         625.284 10 1
         625.446 9 1
         625.499 8 1
         626.512 9 1
         626.941 10 1
         627.636 9 1
         628.873 10 1
         629.005 11 1
         629.549 10 1
         629.723 9 1
         629.772 8 1
         630.983 9 1
         631.079 8 1
         631.140 7 1
         631.960 6 1
         633.704 5 1
         633.819 4 1
         635.140 5 1
         635.209 4 1
         635.738 3 1
         637.112 2 1
         637.209 3 1
         637.296 2 1
         637.505 1 1
         638.913 2 1
         639.294 1 1
         639.302 0 1
         639.681 0 0
         640.001 0 1
         640.419 1 1
         640.423 2 1
         641.560 1 1
         641.776 2 1
         641.831 1 1
         642.082 0 1
         642.145 1 1
         643.047 0 1
         644.078 1 1
         644.312 2 1
         644.735 3 1
         645.152 2 1
         645.449 1 1
         646.448 0 1
         646.581 1 1
         646.772 2 1
         647.471 1 1
         647.474 0 1
         649.087 0 0
         650.708 0 1
         652.279 1 1
         652.432 0 1
         652.734 1 1
         653.044 0 1
         654.348 0 0
         655.016 0 1
         655.135 1 1
         655.382 0 1
         655.902 1 1
         657.080 2 1
         657.400 3 1
         658.038 4 1
         658.540 5 1
         659.032 6 1
         659.045 7 1
         659.823 6 1
         659.966 7 1
         660.330 8 1
         660.526 7 1
         660.787 6 1
         661.041 5 1
         662.269 4 1
         662.646 5 1
         662.671 6 1
         663.883 7 1
         663.986 8 1
         664.192 7 1
         664.709 6 1
         664.828 7 1
         665.757 8 1
         666.229 9 1
         666.608 10 1
         668.916 9 1
         669.560 10 1
         669.678 11 1
         669.703 12 1
         669.849 11 1
         670.219 12 1
         671.249 13 1
         671.438 12 1
         671.946 13 1
         672.567 12 1
         673.383 13 1
         673.511 14 1
         673.578 13 1
         673.742 12 1
         674.091 13 1
         674.672 12 1
         675.015 13 1
         675.987 14 1
         676.226 15 1
         676.568 16 1
         677.449 17 1
         678.136 16 1
         678.136 15 1
         678.730 16 1
         678.819 17 1
         679.080 18 1
         679.177 19 1
         679.297 20 1
         679.872 21 1
         680.266 20 1
         680.403 19 1
         681.193 18 1
         682.721 17 1
         682.737 18 1
         683.087 19 1
         684.016 18 1
         684.697 19 1
         685.163 18 1
         685.657 19 1
         685.973 20 1
         686.042 19 1
         686.574 18 1
         687.045 19 1
         687.715 20 1
         687.746 19 1
         688.199 18 1
         688.253 17 1
         688.306 16 1
         688.420 15 1
         688.539 16 1
         689.483 17 1
         690.737 16 1
         691.275 17 1
         691.366 16 1
         691.583 15 1
         692.355 14 1
         692.878 15 1
         692.906 16 1
         692.918 15 1
         692.984 14 1
         694.127 15 1
         694.325 14 1
         694.352 13 1
         694.795 14 1
         695.090 15 1
         696.476 14 1
         696.666 15 1
         696.916 14 1
         696.938 13 1
         697.480 12 1
         697.550 13 1
         698.009 14 1
         698.054 13 1
         698.231 14 1
         698.631 15 1
         700.930 14 1
         701.107 13 1
         701.137 12 1
         702.243 13 1
         702.451 14 1
         702.585 13 1
         702.743 14 1
         702.940 13 1
         703.261 14 1
         703.274 15 1
         704.482 16 1
         704.878 17 1
         705.010 16 1
         705.477 17 1
         705.564 18 1
         705.657 19 1
         706.971 20 1
         707.111 19 1
         707.260 20 1
         708.359 21 1
         708.919 20 1
         709.090 19 1
         709.337 20 1
         709.385 19 1
         709.897 18 1
         710.082 19 1
         710.560 18 1
         710.981 19 1
         711.452 20 1
         712.795 19 1
         712.799 20 1
         713.456 19 1
         713.598 20 1
         714.802 21 1
         715.032 22 1
         715.075 21 1
         715.352 20 1
         715.610 21 1
         716.274 22 1
         716.582 21 1
         716.627 22 1
         716.924 21 1
         716.964 22 1
         717.401 23 1
         717.448 22 1
         717.855 23 1
         718.310 22 1
         718.782 23 1
         718.823 24 1
         719.226 23 1
         719.402 22 1
         719.591 21 1
         719.619 20 1
         719.825 19 1
         720.155 20 1
         720.482 21 1
         720.593 22 1
         721.618 23 1
         721.992 24 1
         722.093 23 1
         723.055 24 1
         723.908 23 1
         724.771 24 1
         724.903 25 1
         725.776 26 1
         726.279 27 1
         726.383 26 1
         726.551 25 1
         727.252 24 1
         727.979 23 1
         728.834 24 1
         728.883 25 1
         729.318 24 1
         730.047 25 1
         730.241 26 1
         730.511 25 1
         731.294 24 1
         732.371 25 1
         733.629 26 1
         735.229 27 1
         735.438 28 1
         735.644 29 1
         735.844 30 1
         736.378 31 1
         736.595 30 1
         736.677 29 1
         737.370 30 1
         737.649 31 1
         738.610 32 1
         738.792 33 1
         739.030 32 1
         739.034 33 1
         739.578 34 1
         739.885 33 1
         739.888 32 1
         741.868 31 1
         742.833 30 1
         743.984 29 1
         744.066 28 1
         744.290 29 1
         744.845 28 1
         745.426 27 1
         746.255 28 1
         746.314 29 1
         746.644 28 1
         746.895 27 1
         748.686 28 1
         749.312 27 1
         749.409 28 1
         750.649 29 1
         750.976 30 1
         751.030 31 1
         751.491 32 1
         751.539 33 1
         751.583 34 1
         751.673 33 1
         751.955 32 1
         752.332 31 1
         752.608 32 1
         753.679 33 1
         754.237 34 1
         754.416 35 1
         754.665 34 1
         754.769 33 1
         755.065 32 1
         756.765 33 1
         757.559 34 1
         757.851 33 1
         758.534 34 1
         758.557 33 1
         759.435 32 1
         759.816 31 1
         759.839 30 1
         760.033 29 1
         760.813 28 1
         761.677 29 1
         761.933 30 1
         761.978 29 1
         763.017 28 1
         763.480 27 1
         763.777 26 1
         764.116 27 1
         765.716 26 1
         766.721 25 1
         767.148 24 1
         768.093 25 1
         768.212 26 1
         768.340 25 1
         768.504 24 1
         768.626 23 1
         769.369 22 1
         769.392 21 1
         770.119 20 1
         770.186 19 1
         770.246 18 1
         770.414 19 1
         771.026 18 1
         771.418 19 1
         772.113 18 1
         772.502 19 1
         772.733 18 1
         773.939 17 1
         774.189 18 1
         774.673 17 1
         774.914 16 1
         776.161 15 1
         776.297 16 1
         776.863 15 1
         776.909 14 1
         777.216 13 1
         777.819 12 1
         778.019 11 1
         778.352 10 1
         778.534 11 1
         778.866 10 1
         778.982 11 1
         779.503 10 1
         779.860 11 1
         780.940 10 1
         781.077 11 1
         781.556 10 1
         782.367 9 1
         782.584 10 1
         782.700 9 1
         782.841 8 1
         783.093 9 1
         783.443 10 1
         783.510 11 1
         784.268 12 1
         784.536 11 1
         785.168 12 1
         785.345 11 1
         785.881 10 1
         786.291 9 1
         786.407 8 1
         786.425 9 1
         787.042 8 1
         787.755 9 1
         788.350 8 1
         789.180 9 1
         789.430 10 1
         789.614 9 1
         789.616 8 1
         789.722 7 1
         790.042 6 1
         790.703 7 1
         790.894 8 1
         790.989 9 1
         791.043 10 1
         791.087 11 1
         791.204 10 1
         791.352 11 1
         791.790 10 1
         792.777 9 1
         793.355 10 1
         794.136 11 1
         794.347 10 1
         794.522 9 1
         795.032 10 1
         795.827 9 1
         796.134 8 1
         796.145 9 1
         796.438 8 1
         796.800 9 1
         797.076 8 1
         797.217 7 1
         797.418 6 1
         797.486 5 1
         798.135 4 1
         798.135 3 1
         798.736 4 1
         799.133 5 1
         799.684 4 1
         800.779 5 1
         800.912 4 1
         802.590 5 1
         802.991 6 1
         803.270 7 1
         803.604 6 1
         803.943 5 1
         805.306 4 1
         805.598 3 1
         805.780 2 1
         805.826 3 1
         806.398 2 1
         807.355 3 1
         807.522 4 1
         807.706 3 1
         807.924 2 1
         808.550 3 1
         809.377 4 1
         809.667 5 1
         810.106 6 1
         810.547 7 1
         810.598 6 1
         811.034 5 1
         811.089 4 1
         811.247 5 1
         811.367 4 1
         811.416 5 1
         811.449 6 1
         811.870 5 1
         813.173 6 1
         813.396 7 1
         813.688 8 1
         813.877 9 1
         813.986 8 1
         814.034 9 1
         814.517 8 1
         814.571 9 1
         814.810 8 1
         814.896 7 1
         816.942 8 1
         817.043 7 1
         817.761 8 1
         818.010 7 1
         818.708 6 1
         818.713 5 1
         818.893 4 1
         819.444 3 1
         820.363 2 1
         820.509 3 1
         821.263 2 1
         821.468 3 1
         821.864 2 1
         822.603 1 1
         822.652 0 1
         823.447 0 0
         829.196 0 1
         829.234 0 0
         830.956 0 1
         832.171 0 0
         832.247 0 1
         832.248 0 0
         832.260 0 1
         832.269 0 0
         832.269 0 1
         832.356 0 0
         833.226 0 1
         833.412 1 1
         834.290 0 1
         834.430 0 0
         835.395 0 1
         835.456 1 1
         835.517 2 1
         835.657 3 1
         836.352 2 1
         837.131 3 1
         837.387 2 1
         837.749 1 1
         837.996 0 1
         838.383 0 0
         840.069 0 1
         840.255 0 0
         840.748 0 1
         840.996 0 0
         841.984 0 1
         842.628 0 0
         842.724 0 1
         842.909 0 0
         845.188 0 1
         845.734 1 1
         846.045 0 1
         846.057 0 0
         846.726 0 1
         846.895 1 1
         846.902 0 1
         847.493 0 0
         847.804 0 1
         848.002 0 0
         849.123 0 1
         849.596 0 0
         851.899 0 1
         851.958 1 1
         852.053 0 1
         852.547 0 0
         853.385 0 1
         853.930 0 0
         855.113 0 1
         856.089 0 0
         856.722 0 1
         856.802 0 0
         857.993 0 1
         858.168 1 1
         859.151 2 1
         859.290 3 1
         859.496 4 1
         860.548 5 1
         860.563 6 1
         860.625 5 1
         860.796 6 1
         861.528 7 1
         862.826 6 1
         863.160 7 1
         863.224 8 1
         863.599 7 1
         863.639 6 1
         863.756 5 1
         864.227 4 1
         864.393 5 1
         864.422 6 1
         864.458 5 1
         864.562 4 1
         865.831 3 1
         865.982 2 1
         866.014 3 1
         866.503 2 1
         867.325 1 1
         867.836 0 1
         868.039 0 0
         868.483 0 1
         868.522 1 1
         868.892 0 1
         869.281 0 0
         870.417 0 1
         871.993 0 0
         874.002 0 1
         876.230 0 0
         876.544 0 1
         876.991 1 1
         877.743 2 1
         879.707 3 1
         879.954 4 1
         881.329 3 1
         881.469 4 1
         881.629 5 1
         882.537 4 1
         882.743 3 1
         883.419 2 1
         883.923 3 1
         884.083 2 1
         884.289 1 1
         884.513 0 1
         884.531 1 1
         885.256 2 1
         885.568 1 1
         885.748 0 1
         885.811 0 0
         886.759 0 1
         887.393 1 1
         887.695 2 1
         887.702 1 1
         888.990 2 1
         889.592 1 1
         890.487 0 1
         891.015 0 0
         891.061 0 1
         891.073 1 1
         892.354 2 1
         893.157 1 1
         893.166 0 1
         893.533 0 0
         894.424 0 1
         894.635 0 0
         894.784 0 1
         895.492 1 1
         895.980 0 1
         896.812 1 1
         897.345 0 1
         897.557 0 0
         897.796 0 1
         898.303 1 1
         898.503 2 1
         898.948 1 1
         899.093 0 1
         899.332 1 1
         899.759 2 1
         900.407 3 1
         900.596 2 1
         900.762 1 1
         900.901 0 1
         900.936 0 0
         901.208 0 1
         901.220 1 1
         901.862 2 1
         902.246 1 1
         902.651 2 1
         904.348 1 1
         904.876 0 1
         905.025 0 0
         906.766 0 1
         906.768 0 0
         907.062 0 1
         907.796 0 0
         907.809 0 1
         908.169 0 0
         908.626 0 1
         909.282 1 1
         909.623 0 1
         909.799 0 0
         912.204 0 1
         912.550 1 1
         914.273 2 1
         915.011 1 1
         915.816 0 1
         915.955 0 0
         916.312 0 1
         916.390 0 0
         916.895 0 1
         916.934 1 1
         917.148 0 1
         918.579 0 0
         918.632 0 1
         919.111 1 1
         919.497 2 1
         919.791 3 1
         919.853 2 1
         919.872 1 1
         920.475 2 1
         921.788 3 1
         922.130 2 1
         922.386 1 1
         922.909 0 1
         924.176 0 0
         926.366 0 1
         926.760 1 1
         926.788 0 1
         928.350 0 0
         928.393 0 1
         928.925 0 0
         929.839 0 1
         929.883 0 0
         930.010 0 1
         930.028 1 1
         930.336 2 1
         931.507 3 1
         931.995 4 1
         932.368 3 1
         932.558 4 1
         933.199 5 1
         933.493 4 1
         933.543 3 1
         933.605 2 1
         934.045 1 1
         934.762 2 1
         935.074 3 1
         937.141 2 1
         937.490 3 1
         937.635 2 1
         938.015 1 1
         938.849 0 1
         939.011 0 0
         941.398 0 1
         941.596 0 0
         947.053 0 1
         947.989 0 0
         948.738 0 1
         948.905 1 1
         948.916 2 1
         949.322 1 1
         949.695 0 1
         949.808 0 0
         951.157 0 1
         951.478 1 1
         952.120 2 1
         952.579 1 1
         954.070 0 1
         954.308 0 0
         957.491 0 1
         957.593 0 0
         959.366 0 1
         959.400 1 1
         961.718 0 1
         962.289 0 0
         962.577 0 1
         962.962 0 0
         963.528 0 1
         963.856 0 0
         964.013 0 1
         965.582 0 0
         965.789 0 1
         967.588 0 0
         967.737 0 1
         967.747 0 0
         969.032 0 1
         969.634 1 1
         969.757 0 1
         969.874 1 1
         970.091 0 1
         970.280 1 1
         970.380 0 1
         970.842 1 1
         971.067 0 1
         972.126 0 0
         972.681 0 1
         973.604 0 0
         974.069 0 1
         974.247 0 0
         975.206 0 1
         976.405 1 1
         976.547 0 1
         976.602 1 1
         976.879 2 1
         977.309 1 1
         977.369 2 1
         977.711 3 1
         978.318 2 1
         979.247 3 1
         980.038 2 1
         980.408 3 1
         980.575 2 1
         980.743 3 1
         980.826 2 1
